# Result file for 23_winter:
# Time: 2023-01-13T16:30:38.988367100

node_nr        result_name         objective      UP             LMP            LP+            is_competitive total_bal_cost node_load      total_load     
0              balanced.dat        -5834479,64    590            nu             nu             0              5834479,64     null           null           
0              unconstrained.dat   -5406120,00    590            nu             nu             0              5406120,00     null           null           
1              1.dat               -5834859,11    590            379,47         590,00         0              5834859,11     120,73444      15692,33333    
2              2.dat               -5834906,28    590            426,64         590,00         0              5834906,28     105,95255      15692,33333    
3              3.dat               -5834910,49    590            430,85         590,00         0              5834910,49     90,07222       15692,33333    
4              4.dat               -5834910,27    590            430,63         590,00         0              5834910,27     23,32700       15692,33333    
5              5.dat               -5834893,72    590            414,08         590,00         0              5834893,72     281,27955      15692,33333    
6              6.dat               -5834869,46    590            389,82         590,00         0              5834869,46     108,58881      15692,33333    
7              7.dat               -5834916,61    590            436,97         590,00         0              5834916,61     355,29883      15692,33333    
8              8.dat               -5834926,60    590            446,96         590,00         0              5834926,60     23,32700       15692,33333    
9              9.dat               -5835100,49    590            620,85         590,00         0              5835100,49     218,00930      15692,33333    
10             10.dat              -5834916,46    590            436,82         590,00         0              5834916,46     144,11556      15692,33333    
11             11.dat              -5834916,46    590            436,82         590,00         0              5834916,46     60,03769       15692,33333    
12             12.dat              -5835017,22    590            537,58         590,00         0              5835017,22     113,97118      15692,33333    
13             13.dat              -5834869,46    590            389,82         590,00         0              5834869,46     108,58881      15692,33333    
14             14.dat              -5834859,11    590            379,47         590,00         0              5834859,11     120,73444      15692,33333    
15             15.dat              -5835090,17    590            610,53         590,00         0              5835090,17     126,08542      15692,33333    
16             16.dat              -5835076,51    590            596,87         590,00         0              5835076,51     126,08542      15692,33333    
17             17.dat              -5835030,36    590            550,72         590,00         0              5835030,36     227,94236      15692,33333    
18             18.dat              -5834917,18    590            437,54         590,00         0              5834917,18     15,42036       15692,33333    
19             19.dat              -5835156,38    590            676,74         590,00         0              5835156,38     184,28714      15692,33333    
20             20.dat              -5835030,52    590            550,88         590,00         0              5835030,52     92,70848       15692,33333    
21             21.dat              -5834885,96    590            406,32         590,00         0              5834885,96     10,39330       15692,33333    
22             22.dat              -5834917,24    590            437,60         590,00         0              5834917,24     97,13363       15692,33333    
23             23.dat              -5834955,45    590            475,81         590,00         0              5834955,45     264,89707      15692,33333    
24             24.dat              -5834969,96    590            490,32         590,00         0              5834969,96     264,89707      15692,33333    
25             25.dat              -5834980,06    590            500,42         590,00         0              5834980,06     28,34399       15692,33333    
26             26.dat              -5835032,57    590            552,93         590,00         0              5835032,57     136,75600      15692,33333    
27             27.dat              -5835046,82    590            567,18         590,00         0              5835046,82     273,52769      15692,33333    
28             28.dat              -5834818,64    590            339,00         590,00         0              5834818,64     184,28714      15692,33333    
29             29.dat              -5834970,47    590            490,83         590,00         0              5834970,47     113,97118      15692,33333    
30             30.dat              -5834921,51    590            441,87         590,00         0              5834921,51     6,42403        15692,33333    
31             31.dat              -5834910,49    590            430,85         590,00         0              5834910,49     9,63773        15692,33333    
32             32.dat              -5834916,43    590            436,79         590,00         0              5834916,43     6,42403        15692,33333    
33             33.dat              -5834901,72    590            422,08         590,00         0              5834901,72     411,66458      15692,33333    
34             34.dat              -5835009,23    590            529,59         590,00         0              5835009,23     113,97118      15692,33333    
35             35.dat              -5834910,49    590            430,85         590,00         0              5834910,49     90,07222       15692,33333    
36             36.dat              -5834916,12    590            436,47         590,00         0              5834916,12     60,03769       15692,33333    
37             37.dat              -5834948,20    590            468,55         590,00         0              5834948,20     23,32700       15692,33333    
38             38.dat              -5834915,75    590            436,11         590,00         0              5834915,75     6,42403        15692,33333    
39             39.dat              -5834889,55    590            409,91         590,00         0              5834889,55     136,42647      15692,33333    
40             40.dat              -5834910,27    590            430,63         590,00         0              5834910,27     156,11996      15692,33333    
41             41.dat              -5834917,24    590            437,60         590,00         0              5834917,24     144,11556      15692,33333    
42             42.dat              -5834911,84    590            432,20         590,00         0              5834911,84     105,95255      15692,33333    
43             43.dat              -5834936,63    590            456,99         590,00         0              5834936,63     60,03769       15692,33333    
44             44.dat              -5834858,64    590            379,00         590,00         0              5834858,64     154,01723      15692,33333    
45             45.dat              -5834889,34    590            409,70         590,00         0              5834889,34     136,42647      15692,33333    
46             46.dat              -5835033,64    590            554,00         554,00         1              5835033,64     136,75600      15692,33333    
47             47.dat              -5834896,86    590            417,22         590,00         0              5834896,86     108,58881      15692,33333    
48             48.dat              -5835008,77    590            529,12         590,00         0              5835008,77     24,38983       15692,33333    
49             49.dat              -5834915,57    590            435,92         590,00         0              5834915,57     60,03769       15692,33333    
50             50.dat              -5835043,93    590            564,29         590,00         0              5835043,93     227,94236      15692,33333    
51             51.dat              -5834880,67    590            401,03         590,00         0              5834880,67     10,39330       15692,33333    
52             52.dat              -5834897,72    590            418,08         590,00         0              5834897,72     60,03769       15692,33333    
53             53.dat              -5835059,05    590            579,41         590,00         0              5835059,05     102,57877      15692,33333    
54             54.dat              -5834858,64    590            379,00         590,00         0              5834858,64     120,73444      15692,33333    
55             55.dat              -5834905,73    590            426,09         590,00         0              5834905,73     304,22129      15692,33333    
56             56.dat              -5835076,75    590            597,11         597,11         1              5835076,75     252,18653      15692,33333    
57             57.dat              -5834909,81    590            430,17         590,00         0              5834909,81     154,01723      15692,33333    
58             58.dat              -5834859,11    590            379,47         590,00         0              5834859,11     133,86867      15692,33333    
59             59.dat              -5835032,51    590            552,87         590,00         0              5835032,51     136,75600      15692,33333    
60             60.dat              -5834998,97    590            519,33         590,00         0              5834998,97     945,80542      15692,33333    
61             61.dat              -5834926,28    590            446,64         590,00         0              5834926,28     355,29883      15692,33333    
62             62.dat              -5834911,12    590            431,48         590,00         0              5834911,12     101,20118      15692,33333    
63             63.dat              -5834863,78    590            384,14         590,00         0              5834863,78     218,00930      15692,33333    
64             64.dat              -5834925,91    590            446,27         590,00         0              5834925,91     97,13363       15692,33333    
65             65.dat              -5834925,69    590            446,05         590,00         0              5834925,69     97,13363       15692,33333    
66             66.dat              -5834935,16    590            455,52         590,00         0              5834935,16     101,20118      15692,33333    
67             67.dat              -5834866,83    590            387,19         590,00         0              5834866,83     136,42647      15692,33333    
68             68.dat              -5834999,18    590            519,54         590,00         0              5834999,18     105,95255      15692,33333    
69             69.dat              -5834919,86    590            440,22         440,22         1              5834919,86     154,01723      15692,33333    
70             70.dat              -5834899,32    590            419,68         590,00         0              5834899,32     157,23409      15692,33333    
71             71.dat              -5835077,46    590            597,82         590,00         0              5835077,46     281,27955      15692,33333    
72             72.dat              -5835006,64    590            527,00         527,00         1              5835006,64     105,95255      15692,33333    
73             73.dat              -5835001,09    590            521,45         590,00         0              5835001,09     238,40894      15692,33333    
74             74.dat              -5834869,64    590            390,00         590,00         0              5834869,64     108,58881      15692,33333    
75             75.dat              -5834979,82    590            500,18         590,00         0              5834979,82     154,01723      15692,33333    
76             76.dat              -5834897,48    590            417,84         590,00         0              5834897,48     157,23409      15692,33333    
77             77.dat              -5835025,21    590            545,57         590,00         0              5835025,21     113,97118      15692,33333    
78             78.dat              -5835032,56    590            552,92         590,00         0              5835032,56     14,63289       15692,33333    
79             79.dat              -5835030,76    590            551,12         590,00         0              5835030,76     227,94236      15692,33333    
80             80.dat              -5834920,24    590            440,60         590,00         0              5834920,24     238,40894      15692,33333    
81             81.dat              -5834975,26    590            495,62         590,00         0              5834975,26     0,00000        15692,33333    
82             82.dat              -5835058,61    590            578,97         590,00         0              5835058,61     126,08542      15692,33333    
83             83.dat              -5835030,76    590            551,12         551,12         1              5835030,76     227,94236      15692,33333    
84             84.dat              -5834916,77    590            437,13         590,00         0              5834916,77     144,11556      15692,33333    
85             85.dat              -5834909,81    590            430,17         590,00         0              5834909,81     0,00000        15692,33333    
86             86.dat              -5834858,91    590            379,27         590,00         0              5834858,91     0,00000        15692,33333    
87             87.dat              -5834886,61    590            406,97         590,00         0              5834886,61     136,42647      15692,33333    
88             88.dat              -5835032,54    590            552,90         590,00         0              5835032,54     14,63289       15692,33333    
89             89.dat              -5834893,72    590            414,08         590,00         0              5834893,72     157,23409      15692,33333    
90             90.dat              -5834936,78    590            457,14         590,00         0              5834936,78     355,29883      15692,33333    
91             91.dat              -5834869,53    590            389,89         590,00         0              5834869,53     136,42647      15692,33333    
92             92.dat              -5834895,83    590            416,19         590,00         0              5834895,83     108,58881      15692,33333    
93             93.dat              -5834860,09    590            380,44         590,00         0              5834860,09     16,47984       15692,33333    
94             94.dat              -5834861,64    590            382,00         590,00         0              5834861,64     6,42403        15692,33333    
95             95.dat              -5834911,81    590            432,17         432,17         1              5834911,81     32,55168       15692,33333    
96             96.dat              -5835002,31    590            522,67         590,00         0              5835002,31     158,94452      15692,33333    
97             97.dat              -5834929,70    590            450,06         590,00         0              5834929,70     154,01723      15692,33333    
98             98.dat              -5834859,91    590            380,27         590,00         0              5834859,91     0,00000        15692,33333    
99             99.dat              -5834866,10    590            386,46         590,00         0              5834866,10     0,00000        15692,33333    
100            100.dat             -5835105,14    590            625,50         590,00         0              5835105,14     126,08542      15692,33333    
101            101.dat             -5834897,89    590            418,25         590,00         0              5834897,89     156,11996      15692,33333    
102            102.dat             -5834910,15    590            430,50         590,00         0              5834910,15     60,03769       15692,33333    
103            103.dat             -5834982,66    590            503,02         590,00         0              5834982,66     198,67673      15692,33333    
104            104.dat             -5834850,64    590            371,00         590,00         0              5834850,64     90,07222       15692,33333    
105            105.dat             -5834911,20    590            431,56         590,00         0              5834911,20     304,22129      15692,33333    
106            106.dat             -5834937,64    590            458,00         458,00         1              5834937,64     355,29883      15692,33333    
107            107.dat             -5834994,86    590            515,22         590,00         0              5834994,86     198,67673      15692,33333    
108            108.dat             -5835135,88    590            656,24         590,00         0              5835135,88     30,09691       15692,33333    
109            109.dat             -5834910,49    590            430,85         590,00         0              5834910,49     90,07222       15692,33333    
110            110.dat             -5834967,06    590            487,42         590,00         0              5834967,06     101,20118      15692,33333    
111            111.dat             -5834859,11    590            379,47         590,00         0              5834859,11     133,86867      15692,33333    
112            112.dat             -5834840,79    590            361,15         590,00         0              5834840,79     126,08542      15692,33333    
113            113.dat             -5834994,41    590            514,77         590,00         0              5834994,41     9,91981        15692,33333    
114            114.dat             -5834904,26    590            424,62         590,00         0              5834904,26     157,23409      15692,33333    
115            115.dat             -5834981,99    590            502,35         590,00         0              5834981,99     0,00000        15692,33333    
116            116.dat             -5835058,72    590            579,08         590,00         0              5835058,72     102,57877      15692,33333    
117            117.dat             -5835016,71    590            537,07         590,00         0              5835016,71     92,70848       15692,33333    
# Result file end ---