# Result file for 4_winter:
# Time: 2023-01-13T16:30:38.802324

node_nr        result_name         objective      UP             LMP            LP+            is_competitive total_bal_cost node_load      total_load     
0              balanced.dat        -5266886,55    590            nu             nu             0              5266886,55     null           null           
0              unconstrained.dat   -4927057,94    590            nu             nu             0              4927057,94     null           null           
1              1.dat               -5267266,13    590            379,58         590,00         0              5267266,13     111,28236      14463,80913    
2              2.dat               -5267355,68    590            469,13         590,00         0              5267355,68     97,65772       14463,80913    
3              3.dat               -5267351,05    590            464,50         590,00         0              5267351,05     83,02063       14463,80913    
4              4.dat               -5267402,95    590            516,40         590,00         0              5267402,95     21,50077       14463,80913    
5              5.dat               -5267343,49    590            456,94         590,00         0              5267343,49     259,25869      14463,80913    
6              6.dat               -5267276,38    590            389,83         590,00         0              5267276,38     100,08759      14463,80913    
7              7.dat               -5267362,89    590            476,33         590,00         0              5267362,89     327,48313      14463,80913    
8              8.dat               -5267355,59    590            469,04         590,00         0              5267355,59     21,50077       14463,80913    
9              9.dat               -5267439,67    590            553,12         590,00         0              5267439,67     200,94175      14463,80913    
10             10.dat              -5267362,94    590            476,39         590,00         0              5267362,94     132,83301      14463,80913    
11             11.dat              -5267362,94    590            476,39         590,00         0              5267362,94     55,33745       14463,80913    
12             12.dat              -5267432,36    590            545,81         590,00         0              5267432,36     105,04858      14463,80913    
13             13.dat              -5267276,38    590            389,83         590,00         0              5267276,38     100,08759      14463,80913    
14             14.dat              -5267266,13    590            379,58         590,00         0              5267266,13     111,28236      14463,80913    
15             15.dat              -5267440,05    590            553,50         590,00         0              5267440,05     116,21442      14463,80913    
16             16.dat              -5267441,65    590            555,10         590,00         0              5267441,65     116,21442      14463,80913    
17             17.dat              -5267433,15    590            546,60         590,00         0              5267433,15     210,09716      14463,80913    
18             18.dat              -5267362,69    590            476,14         590,00         0              5267362,69     14,21313       14463,80913    
19             19.dat              -5267450,23    590            563,68         590,00         0              5267450,23     169,85964      14463,80913    
20             20.dat              -5267438,43    590            551,88         590,00         0              5267438,43     85,45051       14463,80913    
21             21.dat              -5267302,15    590            415,60         590,00         0              5267302,15     9,57963        14463,80913    
22             22.dat              -5267344,03    590            457,48         590,00         0              5267344,03     89,52922       14463,80913    
23             23.dat              -5267382,88    590            496,33         590,00         0              5267382,88     244,15877      14463,80913    
24             24.dat              -5267395,27    590            508,72         590,00         0              5267395,27     244,15877      14463,80913    
25             25.dat              -5267404,99    590            518,44         590,00         0              5267404,99     26,12499       14463,80913    
26             26.dat              -5267439,83    590            553,27         590,00         0              5267439,83     126,04962      14463,80913    
27             27.dat              -5267439,98    590            553,42         590,00         0              5267439,98     252,11370      14463,80913    
28             28.dat              -5267225,55    590            339,00         590,00         0              5267225,55     169,85964      14463,80913    
29             29.dat              -5267399,84    590            513,29         590,00         0              5267399,84     105,04858      14463,80913    
30             30.dat              -5267361,11    590            474,55         590,00         0              5267361,11     5,92111        14463,80913    
31             31.dat              -5267351,05    590            464,50         590,00         0              5267351,05     8,88321        14463,80913    
32             32.dat              -5267362,62    590            476,07         590,00         0              5267362,62     5,92111        14463,80913    
33             33.dat              -5267351,37    590            464,82         590,00         0              5267351,37     379,43611      14463,80913    
34             34.dat              -5267431,95    590            545,40         590,00         0              5267431,95     105,04858      14463,80913    
35             35.dat              -5267351,05    590            464,50         590,00         0              5267351,05     83,02063       14463,80913    
36             36.dat              -5267355,63    590            469,08         590,00         0              5267355,63     55,33745       14463,80913    
37             37.dat              -5267363,43    590            476,88         590,00         0              5267363,43     21,50077       14463,80913    
38             38.dat              -5267361,66    590            475,11         590,00         0              5267361,66     5,92111        14463,80913    
39             39.dat              -5267315,69    590            429,13         590,00         0              5267315,69     125,74589      14463,80913    
40             40.dat              -5267402,95    590            516,40         590,00         0              5267402,95     143,89761      14463,80913    
41             41.dat              -5267362,67    590            476,11         590,00         0              5267362,67     132,83301      14463,80913    
42             42.dat              -5267361,00    590            474,45         590,00         0              5267361,00     97,65772       14463,80913    
43             43.dat              -5267355,61    590            469,06         590,00         0              5267355,61     55,33745       14463,80913    
44             44.dat              -5267265,55    590            379,00         590,00         0              5267265,55     141,95950      14463,80913    
45             45.dat              -5267315,27    590            428,72         590,00         0              5267315,27     125,74589      14463,80913    
46             46.dat              -5267440,55    590            554,00         554,00         1              5267440,55     126,04962      14463,80913    
47             47.dat              -5267340,46    590            453,91         590,00         0              5267340,46     100,08759      14463,80913    
48             48.dat              -5267433,64    590            547,09         590,00         0              5267433,64     22,48040       14463,80913    
49             49.dat              -5267355,63    590            469,08         590,00         0              5267355,63     55,33745       14463,80913    
50             50.dat              -5267435,49    590            548,94         590,00         0              5267435,49     210,09716      14463,80913    
51             51.dat              -5267295,08    590            408,53         590,00         0              5267295,08     9,57963        14463,80913    
52             52.dat              -5267329,52    590            442,96         590,00         0              5267329,52     55,33745       14463,80913    
53             53.dat              -5267439,44    590            552,89         590,00         0              5267439,44     94,54806       14463,80913    
54             54.dat              -5267265,55    590            379,00         590,00         0              5267265,55     111,28236      14463,80913    
55             55.dat              -5267368,27    590            481,72         590,00         0              5267368,27     280,40436      14463,80913    
56             56.dat              -5267440,55    590            554,00         554,00         1              5267440,55     232,44331      14463,80913    
57             57.dat              -5267341,51    590            454,96         590,00         0              5267341,51     141,95950      14463,80913    
58             58.dat              -5267266,13    590            379,58         590,00         0              5267266,13     123,38833      14463,80913    
59             59.dat              -5267439,78    590            553,23         590,00         0              5267439,78     126,04962      14463,80913    
60             60.dat              -5267470,66    590            584,11         590,00         0              5267470,66     871,76004      14463,80913    
61             61.dat              -5267359,51    590            472,96         590,00         0              5267359,51     327,48313      14463,80913    
62             62.dat              -5267343,76    590            457,20         590,00         0              5267343,76     93,27832       14463,80913    
63             63.dat              -5267272,47    590            385,92         590,00         0              5267272,47     200,94175      14463,80913    
64             64.dat              -5267353,53    590            466,98         590,00         0              5267353,53     89,52922       14463,80913    
65             65.dat              -5267353,31    590            466,76         590,00         0              5267353,31     89,52922       14463,80913    
66             66.dat              -5267384,77    590            498,22         590,00         0              5267384,77     93,27832       14463,80913    
67             67.dat              -5267273,74    590            387,19         590,00         0              5267273,74     125,74589      14463,80913    
68             68.dat              -5267437,20    590            550,65         590,00         0              5267437,20     97,65772       14463,80913    
69             69.dat              -5267347,53    590            460,98         460,98         1              5267347,53     141,95950      14463,80913    
70             70.dat              -5267348,98    590            462,43         590,00         0              5267348,98     144,92452      14463,80913    
71             71.dat              -5267442,54    590            555,99         590,00         0              5267442,54     259,25869      14463,80913    
72             72.dat              -5267432,88    590            546,33         546,33         1              5267432,88     97,65772       14463,80913    
73             73.dat              -5267460,22    590            573,67         590,00         0              5267460,22     219,74434      14463,80913    
74             74.dat              -5267276,55    590            390,00         590,00         0              5267276,55     100,08759      14463,80913    
75             75.dat              -5267442,67    590            556,12         590,00         0              5267442,67     141,95950      14463,80913    
76             76.dat              -5267347,19    590            460,64         590,00         0              5267347,19     144,92452      14463,80913    
77             77.dat              -5267432,77    590            546,22         590,00         0              5267432,77     105,04858      14463,80913    
78             78.dat              -5267439,82    590            553,27         590,00         0              5267439,82     13,48731       14463,80913    
79             79.dat              -5267433,15    590            546,60         590,00         0              5267433,15     210,09716      14463,80913    
80             80.dat              -5267368,58    590            482,03         590,00         0              5267368,58     219,74434      14463,80913    
81             81.dat              -5267402,42    590            515,86         590,00         0              5267402,42     0,00000        14463,80913    
82             82.dat              -5267438,09    590            551,54         590,00         0              5267438,09     116,21442      14463,80913    
83             83.dat              -5267433,15    590            546,60         546,60         1              5267433,15     210,09716      14463,80913    
84             84.dat              -5267362,83    590            476,28         590,00         0              5267362,83     132,83301      14463,80913    
85             85.dat              -5267341,51    590            454,96         590,00         0              5267341,51     0,00000        14463,80913    
86             86.dat              -5267265,92    590            379,37         590,00         0              5267265,92     0,00000        14463,80913    
87             87.dat              -5267309,91    590            423,36         590,00         0              5267309,91     125,74589      14463,80913    
88             88.dat              -5267439,80    590            553,25         590,00         0              5267439,80     13,48731       14463,80913    
89             89.dat              -5267343,49    590            456,94         590,00         0              5267343,49     144,92452      14463,80913    
90             90.dat              -5267355,55    590            469,00         590,00         0              5267355,55     327,48313      14463,80913    
91             91.dat              -5267283,20    590            396,65         590,00         0              5267283,20     125,74589      14463,80913    
92             92.dat              -5267336,47    590            449,92         590,00         0              5267336,47     100,08759      14463,80913    
93             93.dat              -5267267,52    590            380,97         590,00         0              5267267,52     15,18967       14463,80913    
94             94.dat              -5267268,55    590            382,00         590,00         0              5267268,55     5,92111        14463,80913    
95             95.dat              -5267357,79    590            471,24         471,24         1              5267357,79     30,00327       14463,80913    
96             96.dat              -5267419,43    590            532,88         590,00         0              5267419,43     146,50104      14463,80913    
97             97.dat              -5267379,21    590            492,66         590,00         0              5267379,21     141,95950      14463,80913    
98             98.dat              -5267267,39    590            380,84         590,00         0              5267267,39     0,00000        14463,80913    
99             99.dat              -5267273,05    590            386,50         590,00         0              5267273,05     0,00000        14463,80913    
100            100.dat             -5267439,50    590            552,94         590,00         0              5267439,50     116,21442      14463,80913    
101            101.dat             -5267344,46    590            457,90         590,00         0              5267344,46     143,89761      14463,80913    
102            102.dat             -5267353,16    590            466,61         590,00         0              5267353,16     55,33745       14463,80913    
103            103.dat             -5267410,64    590            524,09         590,00         0              5267410,64     183,12269      14463,80913    
104            104.dat             -5267521,98    590            635,43         590,00         0              5267521,98     83,02063       14463,80913    
105            105.dat             -5267358,85    590            472,30         590,00         0              5267358,85     280,40436      14463,80913    
106            106.dat             -5267355,55    590            469,00         469,00         1              5267355,55     327,48313      14463,80913    
107            107.dat             -5267421,45    590            534,89         590,00         0              5267421,45     183,12269      14463,80913    
108            108.dat             -5267445,94    590            559,39         590,00         0              5267445,94     27,74068       14463,80913    
109            109.dat             -5267351,05    590            464,50         590,00         0              5267351,05     83,02063       14463,80913    
110            110.dat             -5267427,72    590            541,16         590,00         0              5267427,72     93,27832       14463,80913    
111            111.dat             -5267266,13    590            379,58         590,00         0              5267266,13     123,38833      14463,80913    
112            112.dat             -5267242,09    590            355,54         590,00         0              5267242,09     116,21442      14463,80913    
113            113.dat             -5267414,11    590            527,56         590,00         0              5267414,11     9,14320        14463,80913    
114            114.dat             -5267353,78    590            467,23         590,00         0              5267353,78     144,92452      14463,80913    
115            115.dat             -5267405,74    590            519,19         590,00         0              5267405,74     0,00000        14463,80913    
116            116.dat             -5267438,42    590            551,86         590,00         0              5267438,42     94,54806       14463,80913    
117            117.dat             -5267428,44    590            541,89         590,00         0              5267428,44     85,45051       14463,80913    
# Result file end ---