# Result file for 6_summer:
# Time: 2023-01-14T23:52:12.088544900

node_nr        result_name         objective      UP             LMP            LP+            is_competitive total_bal_cost node_load      total_load     
0              balanced.dat        -3737659,42    590            nu             nu             0              3737659,42     null           null           
0              unconstrained.dat   -3569870,15    590            nu             nu             0              3569870,15     null           null           
1              1.dat               -3738043,13    590            383,71         590,00         0              3738043,13     83,94712       10910,93940    
2              2.dat               -3738032,52    590            373,11         590,00         0              3738032,52     73,66922       10910,93940    
3              3.dat               -3738040,71    590            381,30         590,00         0              3738040,71     62,62756       10910,93940    
4              4.dat               -3738041,02    590            381,60         590,00         0              3738041,02     16,21935       10910,93940    
5              5.dat               -3738028,42    590            369,00         590,00         0              3738028,42     195,57475      10910,93940    
6              6.dat               -3738041,81    590            382,40         590,00         0              3738041,81     75,50222       10910,93940    
7              7.dat               -3738038,39    590            378,98         590,00         0              3738038,39     247,04064      10910,93940    
8              8.dat               -3738040,77    590            381,36         590,00         0              3738040,77     16,21935       10910,93940    
9              9.dat               -3738140,05    590            480,64         590,00         0              3738140,05     151,58270      10910,93940    
10             10.dat              -3738038,35    590            378,94         590,00         0              3738038,35     100,20410      10910,93940    
11             11.dat              -3738038,35    590            378,94         590,00         0              3738038,35     41,74443       10910,93940    
12             12.dat              -3738119,09    590            459,68         590,00         0              3738119,09     79,24460       10910,93940    
13             13.dat              -3738041,81    590            382,40         590,00         0              3738041,81     75,50222       10910,93940    
14             14.dat              -3738043,13    590            383,71         590,00         0              3738043,13     83,94712       10910,93940    
15             15.dat              -3738138,70    590            479,28         590,00         0              3738138,70     87,66768       10910,93940    
16             16.dat              -3738138,09    590            478,67         590,00         0              3738138,09     87,66768       10910,93940    
17             17.dat              -3738123,34    590            463,92         590,00         0              3738123,34     158,48919      10910,93940    
18             18.dat              -3738038,54    590            379,13         590,00         0              3738038,54     10,72184       10910,93940    
19             19.dat              -3738150,39    590            490,98         590,00         0              3738150,39     128,13555      10910,93940    
20             20.dat              -3738120,98    590            461,57         590,00         0              3738120,98     64,46056       10910,93940    
21             21.dat              -3738047,24    590            387,83         590,00         0              3738047,24     7,22650        10910,93940    
22             22.dat              -3738053,05    590            393,64         590,00         0              3738053,05     67,53739       10910,93940    
23             23.dat              -3738073,81    590            414,39         590,00         0              3738073,81     184,18395      10910,93940    
24             24.dat              -3738082,54    590            423,12         590,00         0              3738082,54     184,18395      10910,93940    
25             25.dat              -3738088,31    590            428,89         590,00         0              3738088,31     19,70768       10910,93940    
26             26.dat              -3738122,27    590            462,86         590,00         0              3738122,27     95,08697       10910,93940    
27             27.dat              -3738127,36    590            467,94         590,00         0              3738127,36     190,18485      10910,93940    
28             28.dat              -3738049,94    590            390,52         590,00         0              3738049,94     128,13555      10910,93940    
29             29.dat              -3738081,68    590            422,27         590,00         0              3738081,68     79,24460       10910,93940    
30             30.dat              -3738039,69    590            380,27         590,00         0              3738039,69     4,46665        10910,93940    
31             31.dat              -3738040,71    590            381,30         590,00         0              3738040,71     6,70115        10910,93940    
32             32.dat              -3738038,32    590            378,91         590,00         0              3738038,32     4,46665        10910,93940    
33             33.dat              -3738030,85    590            371,43         590,00         0              3738030,85     286,23196      10910,93940    
34             34.dat              -3738116,57    590            457,15         590,00         0              3738116,57     79,24460       10910,93940    
35             35.dat              -3738040,71    590            381,30         590,00         0              3738040,71     62,62756       10910,93940    
36             36.dat              -3738037,73    590            378,32         590,00         0              3738037,73     41,74443       10910,93940    
37             37.dat              -3738047,78    590            388,37         590,00         0              3738047,78     16,21935       10910,93940    
38             38.dat              -3738038,43    590            379,02         590,00         0              3738038,43     4,46665        10910,93940    
39             39.dat              -3738041,34    590            381,93         590,00         0              3738041,34     94,85784       10910,93940    
40             40.dat              -3738041,02    590            381,60         590,00         0              3738041,02     108,55080      10910,93940    
41             41.dat              -3738038,56    590            379,15         590,00         0              3738038,56     100,20410      10910,93940    
42             42.dat              -3738034,48    590            375,07         590,00         0              3738034,48     73,66922       10910,93940    
43             43.dat              -3738044,90    590            385,49         590,00         0              3738044,90     41,74443       10910,93940    
44             44.dat              -3738043,17    590            383,76         383,76         1              3738043,17     107,08877      10910,93940    
45             45.dat              -3738041,35    590            381,93         590,00         0              3738041,35     94,85784       10910,93940    
46             46.dat              -3738122,94    590            463,53         463,53         1              3738122,94     95,08697       10910,93940    
47             47.dat              -3738040,16    590            380,74         590,00         0              3738040,16     75,50222       10910,93940    
48             48.dat              -3738120,09    590            460,67         590,00         0              3738120,09     16,95834       10910,93940    
49             49.dat              -3738037,58    590            378,16         590,00         0              3738037,58     41,74443       10910,93940    
50             50.dat              -3738127,35    590            467,94         590,00         0              3738127,35     158,48919      10910,93940    
51             51.dat              -3738046,34    590            386,93         590,00         0              3738046,34     7,22650        10910,93940    
52             52.dat              -3738040,46    590            381,04         590,00         0              3738040,46     41,74443       10910,93940    
53             53.dat              -3738131,46    590            472,04         590,00         0              3738131,46     71,32341       10910,93940    
54             54.dat              -3738043,17    590            383,76         590,00         0              3738043,17     83,94712       10910,93940    
55             55.dat              -3738039,55    590            380,13         590,00         0              3738039,55     211,52623      10910,93940    
56             56.dat              -3738136,93    590            477,51         477,51         1              3738136,93     175,34626      10910,93940    
57             57.dat              -3738043,42    590            384,00         590,00         0              3738043,42     107,08877      10910,93940    
58             58.dat              -3738043,13    590            383,71         590,00         0              3738043,13     93,07939       10910,93940    
59             59.dat              -3738122,23    590            462,81         590,00         0              3738122,23     95,08697       10910,93940    
60             60.dat              -3738044,65    590            385,24         590,00         0              3738044,65     657,62213      10910,93940    
61             61.dat              -3738040,96    590            381,54         590,00         0              3738040,96     247,04064      10910,93940    
62             62.dat              -3738043,26    590            383,84         590,00         0              3738043,26     70,36557       10910,93940    
63             63.dat              -3738043,88    590            384,47         590,00         0              3738043,88     151,58270      10910,93940    
64             64.dat              -3738057,21    590            397,79         590,00         0              3738057,21     67,53739       10910,93940    
65             65.dat              -3738057,16    590            397,75         590,00         0              3738057,16     67,53739       10910,93940    
66             66.dat              -3738040,29    590            380,87         590,00         0              3738040,29     70,36557       10910,93940    
67             67.dat              -3738042,15    590            382,73         590,00         0              3738042,15     94,85784       10910,93940    
68             68.dat              -3738130,76    590            471,34         590,00         0              3738130,76     73,66922       10910,93940    
69             69.dat              -3738053,54    590            394,12         590,00         0              3738053,54     107,08877      10910,93940    
70             70.dat              -3738030,15    590            370,74         590,00         0              3738030,15     109,32546      10910,93940    
71             71.dat              -3738139,20    590            479,78         590,00         0              3738139,20     195,57475      10910,93940    
72             72.dat              -3738112,98    590            453,57         453,57         1              3738112,98     73,66922       10910,93940    
73             73.dat              -3738063,14    590            403,72         590,00         0              3738063,14     165,76664      10910,93940    
74             74.dat              -3738041,79    590            382,38         590,00         0              3738041,79     75,50222       10910,93940    
75             75.dat              -3738044,45    590            385,04         590,00         0              3738044,45     107,08877      10910,93940    
76             76.dat              -3738029,56    590            370,14         590,00         0              3738029,56     109,32546      10910,93940    
77             77.dat              -3738121,62    590            462,20         590,00         0              3738121,62     79,24460       10910,93940    
78             78.dat              -3738122,27    590            462,85         590,00         0              3738122,27     10,17431       10910,93940    
79             79.dat              -3738123,51    590            464,09         590,00         0              3738123,51     158,48919      10910,93940    
80             80.dat              -3738037,57    590            378,15         590,00         0              3738037,57     165,76664      10910,93940    
81             81.dat              -3738085,00    590            425,58         590,00         0              3738085,00     0,00000        10910,93940    
82             82.dat              -3738131,64    590            472,22         590,00         0              3738131,64     87,66768       10910,93940    
83             83.dat              -3738123,51    590            464,09         464,09         1              3738123,51     158,48919      10910,93940    
84             84.dat              -3738038,44    590            379,02         590,00         0              3738038,44     100,20410      10910,93940    
85             85.dat              -3738043,42    590            384,00         590,00         0              3738043,42     0,00000        10910,93940    
86             86.dat              -3738043,15    590            383,74         590,00         0              3738043,15     0,00000        10910,93940    
87             87.dat              -3738041,41    590            381,99         590,00         0              3738041,41     94,85784       10910,93940    
88             88.dat              -3738122,25    590            462,84         590,00         0              3738122,25     10,17431       10910,93940    
89             89.dat              -3738028,42    590            369,00         590,00         0              3738028,42     109,32546      10910,93940    
90             90.dat              -3738045,02    590            385,60         590,00         0              3738045,02     247,04064      10910,93940    
91             91.dat              -3738042,53    590            383,11         590,00         0              3738042,53     94,85784       10910,93940    
92             92.dat              -3738040,14    590            380,72         590,00         0              3738040,14     75,50222       10910,93940    
93             93.dat              -3738043,35    590            383,93         590,00         0              3738043,35     11,45850       10910,93940    
94             94.dat              -3738038,61    590            379,19         379,19         1              3738038,61     4,46665        10910,93940    
95             95.dat              -3738038,31    590            378,90         590,00         0              3738038,31     22,63331       10910,93940    
96             96.dat              -3738102,86    590            443,45         590,00         0              3738102,86     110,51473      10910,93940    
97             97.dat              -3738038,93    590            379,52         590,00         0              3738038,93     107,08877      10910,93940    
98             98.dat              -3738043,23    590            383,81         590,00         0              3738043,23     0,00000        10910,93940    
99             99.dat              -3738042,24    590            382,82         590,00         0              3738042,24     0,00000        10910,93940    
100            100.dat             -3738140,67    590            481,25         590,00         0              3738140,67     87,66768       10910,93940    
101            101.dat             -3738040,18    590            380,77         590,00         0              3738040,18     108,55080      10910,93940    
102            102.dat             -3738035,60    590            376,18         590,00         0              3738035,60     41,74443       10910,93940    
103            103.dat             -3738093,08    590            433,67         590,00         0              3738093,08     138,14069      10910,93940    
104            104.dat             -3738225,00    590            565,59         590,00         0              3738225,00     62,62756       10910,93940    
105            105.dat             -3738038,44    590            379,02         590,00         0              3738038,44     211,52623      10910,93940    
106            106.dat             -3738045,63    590            386,22         386,22         1              3738045,63     247,04064      10910,93940    
107            107.dat             -3738104,48    590            445,06         590,00         0              3738104,48     138,14069      10910,93940    
108            108.dat             -3738146,50    590            487,09         590,00         0              3738146,50     20,92650       10910,93940    
109            109.dat             -3738040,71    590            381,30         590,00         0              3738040,71     62,62756       10910,93940    
110            110.dat             -3738042,47    590            383,06         590,00         0              3738042,47     70,36557       10910,93940    
111            111.dat             -3738043,13    590            383,71         590,00         0              3738043,13     93,07939       10910,93940    
112            112.dat             -3738056,94    590            397,52         590,00         0              3738056,94     87,66768       10910,93940    
113            113.dat             -3738097,90    590            438,49         590,00         0              3738097,90     6,89728        10910,93940    
114            114.dat             -3738031,78    590            372,37         590,00         0              3738031,78     109,32546      10910,93940    
115            115.dat             -3738089,70    590            430,28         590,00         0              3738089,70     0,00000        10910,93940    
116            116.dat             -3738131,59    590            472,18         590,00         0              3738131,59     71,32341       10910,93940    
117            117.dat             -3738113,50    590            454,09         590,00         0              3738113,50     64,46056       10910,93940    
# Result file end ---