# Result file for 14_winter_p:
# Time: 2023-01-13T16:10:52.809734200

node_nr        result_name         objective      UP             LMP            LP+            is_competitive total_bal_cost node_load      total_load     
0              balanced.dat        -8229297,58    665            nu             nu             0              8229297,58     null           null           
0              unconstrained.dat   -7403824,69    590            nu             nu             0              7403824,69     null           null           
1              1.dat               -8229845,73    590            548,15         548,15         0              8229845,73     155,34158      20190,35969    
2              2.dat               -8229763,13    590            465,55         465,55         0              8229763,13     136,32263      20190,35969    
3              3.dat               -8229757,04    590            459,47         459,47         0              8229757,04     115,89039      20190,35969    
4              4.dat               -8229857,03    590            559,45         559,45         0              8229857,03     30,01341       20190,35969    
5              5.dat               -8229737,69    590            440,11         440,11         0              8229737,69     361,90509      20190,35969    
6              6.dat               -8229855,56    590            557,98         557,98         0              8229855,56     139,71454      20190,35969    
7              7.dat               -8229870,81    590            573,23         573,23         0              8229870,81     457,14114      20190,35969    
8              8.dat               -8229784,72    590            487,14         487,14         0              8229784,72     30,01341       20190,35969    
9              9.dat               -8230056,74    590            759,16         759,16         0              8230056,74     280,49916      20190,35969    
10             10.dat              -8229871,56    590            573,98         573,98         0              8229871,56     185,42462      20190,35969    
11             11.dat              -8229871,56    590            573,98         573,98         0              8229871,56     77,24680       20190,35969    
12             12.dat              -8229931,64    590            634,06         634,06         0              8229931,64     146,63970      20190,35969    
13             13.dat              -8229855,56    590            557,98         557,98         0              8229855,56     139,71454      20190,35969    
14             14.dat              -8229845,73    590            548,15         548,15         0              8229845,73     155,34158      20190,35969    
15             15.dat              -8230040,97    590            743,40         743,40         0              8230040,97     162,22635      20190,35969    
16             16.dat              -8230019,79    590            722,21         722,21         0              8230019,79     162,22635      20190,35969    
17             17.dat              -8229951,27    590            653,69         653,69         0              8229951,27     293,27940      20190,35969    
18             18.dat              -8229867,91    590            570,33         570,33         0              8229867,91     19,84043       20190,35969    
19             19.dat              -8230141,57    590            844,00         844,00         0              8230141,57     237,11093      20190,35969    
20             20.dat              -8229952,55    590            654,97         654,97         0              8229952,55     119,28230      20190,35969    
21             21.dat              -8229843,69    590            546,11         546,11         0              8229843,69     13,37242       20190,35969    
22             22.dat              -8229842,33    590            544,75         544,75         0              8229842,33     124,97587      20190,35969    
23             23.dat              -8229859,10    590            561,52         561,52         0              8229859,10     340,82677      20190,35969    
24             24.dat              -8229874,82    590            577,24         577,24         0              8229874,82     340,82677      20190,35969    
25             25.dat              -8229884,25    590            586,67         586,67         0              8229884,25     36,46846       20190,35969    
26             26.dat              -8229955,32    590            657,74         657,74         0              8229955,32     175,95553      20190,35969    
27             27.dat              -8229976,17    590            678,60         678,60         0              8229976,17     351,93125      20190,35969    
28             28.dat              -8229636,58    590            339,00         339,00         0              8229636,58     237,11093      20190,35969    
29             29.dat              -8229869,72    590            572,14         572,14         0              8229869,72     146,63970      20190,35969    
30             30.dat              -8229845,16    590            547,58         547,58         0              8229845,16     8,26541        20190,35969    
31             31.dat              -8229757,04    590            459,47         459,47         0              8229757,04     12,40027       20190,35969    
32             32.dat              -8229868,75    590            571,17         571,17         0              8229868,75     8,26541        20190,35969    
33             33.dat              -8229754,18    590            456,60         456,60         0              8229754,18     529,66349      20190,35969    
34             34.dat              -8229919,67    590            622,09         622,09         0              8229919,67     146,63970      20190,35969    
35             35.dat              -8229757,04    590            459,47         459,47         0              8229757,04     115,89039      20190,35969    
36             36.dat              -8229804,88    590            507,30         507,30         0              8229804,88     77,24680       20190,35969    
37             37.dat              -8229790,32    590            492,74         492,74         0              8229790,32     30,01341       20190,35969    
38             38.dat              -8229884,95    590            587,37         587,37         0              8229884,95     8,26541        20190,35969    
39             39.dat              -8230209,72    590            912,14         912,14         0              8230209,72     175,53154      20190,35969    
40             40.dat              -8229857,03    590            559,45         559,45         0              8229857,03     200,86994      20190,35969    
41             41.dat              -8229867,59    590            570,01         570,01         0              8229867,59     185,42462      20190,35969    
42             42.dat              -8229774,19    590            476,61         476,61         0              8229774,19     136,32263      20190,35969    
43             43.dat              -8229775,78    590            478,21         478,21         0              8229775,78     77,24680       20190,35969    
44             44.dat              -8229844,93    590            547,36         547,36         0              8229844,93     198,16449      20190,35969    
45             45.dat              -8230208,24    590            910,66         910,66         0              8230208,24     175,53154      20190,35969    
46             46.dat              -8229956,76    590            659,18         590,00         1              8229956,76     175,95553      20190,35969    
47             47.dat              -8229856,96    590            559,38         559,38         0              8229856,96     139,71454      20190,35969    
48             48.dat              -8229918,09    590            620,51         620,51         0              8229918,09     31,38090       20190,35969    
49             49.dat              -8229805,93    590            508,35         508,35         0              8229805,93     77,24680       20190,35969    
50             50.dat              -8229971,51    590            673,93         673,93         0              8229971,51     293,27940      20190,35969    
51             51.dat              -8229843,92    590            546,34         546,34         0              8229843,92     13,37242       20190,35969    
52             52.dat              -8231412,14    590            2114,56        2114,56        0              8231412,14     77,24680       20190,35969    
53             53.dat              -8229994,20    590            696,62         696,62         0              8229994,20     131,98179      20190,35969    
54             54.dat              -8229844,93    590            547,36         547,36         0              8229844,93     155,34158      20190,35969    
55             55.dat              -8229863,23    590            565,65         565,65         0              8229863,23     391,42281      20190,35969    
56             56.dat              -8230020,45    590            722,87         590,00         1              8230020,45     324,47290      20190,35969    
57             57.dat              -8229831,30    590            533,73         533,73         0              8229831,30     198,16449      20190,35969    
58             58.dat              -8229845,73    590            548,15         548,15         0              8229845,73     172,24057      20190,35969    
59             59.dat              -8229955,23    590            657,65         657,65         0              8229955,23     175,95553      20190,35969    
60             60.dat              -8231361,92    590            2064,35        2064,35        0              8231361,92     1216,90964     20190,35969    
61             61.dat              -8229821,46    590            523,88         523,88         0              8229821,46     457,14114      20190,35969    
62             62.dat              -8229829,73    590            532,15         532,15         0              8229829,73     130,20933      20190,35969    
63             63.dat              -8229844,65    590            547,07         547,07         0              8229844,65     280,49916      20190,35969    
64             64.dat              -8229845,10    590            547,52         547,52         0              8229845,10     124,97587      20190,35969    
65             65.dat              -8229845,15    590            547,57         547,57         0              8229845,15     124,97587      20190,35969    
66             66.dat              -8229824,21    590            526,63         526,63         0              8229824,21     130,20933      20190,35969    
67             67.dat              -8229852,96    590            555,39         555,39         0              8229852,96     175,53154      20190,35969    
68             68.dat              -8229900,79    590            603,21         603,21         0              8229900,79     136,32263      20190,35969    
69             69.dat              -8229842,22    590            544,64         590,00         1              8229842,22     198,16449      20190,35969    
70             70.dat              -8229749,17    590            451,59         451,59         0              8229749,17     202,30343      20190,35969    
71             71.dat              -8230021,02    590            723,44         723,44         0              8230021,02     361,90509      20190,35969    
72             72.dat              -8229916,13    590            618,55         590,00         1              8229916,13     136,32263      20190,35969    
73             73.dat              -8229969,63    590            672,05         672,05         0              8229969,63     306,74611      20190,35969    
74             74.dat              -8229855,73    590            558,15         558,15         0              8229855,73     139,71454      20190,35969    
75             75.dat              -8229949,32    590            651,74         651,74         0              8229949,32     198,16449      20190,35969    
76             76.dat              -8229745,43    590            447,85         447,85         0              8229745,43     202,30343      20190,35969    
77             77.dat              -8229943,61    590            646,03         646,03         0              8229943,61     146,63970      20190,35969    
78             78.dat              -8229955,31    590            657,73         657,73         0              8229955,31     18,82724       20190,35969    
79             79.dat              -8229951,87    590            654,29         654,29         0              8229951,87     293,27940      20190,35969    
80             80.dat              -8229791,20    590            493,62         493,62         0              8229791,20     306,74611      20190,35969    
81             81.dat              -8229876,98    590            579,40         579,40         0              8229876,98     0,00000        20190,35969    
82             82.dat              -8229993,41    590            695,83         695,83         0              8229993,41     162,22635      20190,35969    
83             83.dat              -8229951,87    590            654,29         590,00         1              8229951,87     293,27940      20190,35969    
84             84.dat              -8229870,00    590            572,42         572,42         0              8229870,00     185,42462      20190,35969    
85             85.dat              -8229831,30    590            533,73         533,73         0              8229831,30     0,00000        20190,35969    
86             86.dat              -8229845,53    590            547,96         547,96         0              8229845,53     0,00000        20190,35969    
87             87.dat              -8230189,33    590            891,75         891,75         0              8230189,33     175,53154      20190,35969    
88             88.dat              -8229955,27    590            657,69         657,69         0              8229955,27     18,82724       20190,35969    
89             89.dat              -8229737,69    590            440,11         440,11         0              8229737,69     202,30343      20190,35969    
90             90.dat              -8229775,34    590            477,76         477,76         0              8229775,34     457,14114      20190,35969    
91             91.dat              -8229877,39    590            579,81         579,81         0              8229877,39     175,53154      20190,35969    
92             92.dat              -8229856,94    590            559,36         559,36         0              8229856,94     139,71454      20190,35969    
93             93.dat              -8229844,81    590            547,23         547,23         0              8229844,81     21,20360       20190,35969    
94             94.dat              -8230216,31    590            918,73         918,73         0              8230216,31     8,26541        20190,35969    
95             95.dat              -8229857,93    590            560,35         590,00         1              8229857,93     41,88224       20190,35969    
96             96.dat              -8229914,69    590            617,11         617,11         0              8229914,69     204,50414      20190,35969    
97             97.dat              -8229812,51    590            514,93         514,93         0              8229812,51     198,16449      20190,35969    
98             98.dat              -8229844,67    590            547,09         547,09         0              8229844,67     0,00000        20190,35969    
99             99.dat              -8229852,37    590            554,79         554,79         0              8229852,37     0,00000        20190,35969    
100            100.dat             -8230063,85    590            766,27         766,27         0              8230063,85     162,22635      20190,35969    
101            101.dat             -8229856,97    590            559,40         559,40         0              8229856,97     200,86994      20190,35969    
102            102.dat             -8229794,70    590            497,12         497,12         0              8229794,70     77,24680       20190,35969    
103            103.dat             -8229886,57    590            589,00         589,00         0              8229886,57     255,62512      20190,35969    
104            104.dat             -8229668,58    590            371,00         371,00         0              8229668,58     115,89039      20190,35969    
105            105.dat             -8229858,47    590            560,89         560,89         0              8229858,47     391,42281      20190,35969    
106            106.dat             -8229774,58    590            477,00         590,00         1              8229774,58     457,14114      20190,35969    
107            107.dat             -8229903,43    590            605,85         605,85         0              8229903,43     255,62512      20190,35969    
108            108.dat             -8230110,48    590            812,90         812,90         0              8230110,48     38,72384       20190,35969    
109            109.dat             -8229757,04    590            459,47         459,47         0              8229757,04     115,89039      20190,35969    
110            110.dat             -8229902,08    590            604,50         604,50         0              8229902,08     130,20933      20190,35969    
111            111.dat             -8229845,73    590            548,15         548,15         0              8229845,73     172,24057      20190,35969    
112            112.dat             -8229669,61    590            372,03         372,03         0              8229669,61     162,22635      20190,35969    
113            113.dat             -8229903,94    590            606,36         606,36         0              8229903,94     12,76321       20190,35969    
114            114.dat             -8229759,17    590            461,59         461,59         0              8229759,17     202,30343      20190,35969    
115            115.dat             -8229887,58    590            590,00         590,00         0              8229887,58     0,00000        20190,35969    
116            116.dat             -8229993,60    590            696,02         696,02         0              8229993,60     131,98179      20190,35969    
117            117.dat             -8229933,37    590            635,79         635,79         0              8229933,37     119,28230      20190,35969    
# Result file end ---