# Result file for 9_winter:
# Time: 2023-01-13T16:10:52.945734

node_nr        result_name         objective      UP             LMP            LP+            is_competitive total_bal_cost node_load      total_load     
0              balanced.dat        -7915067,74    665            nu             nu             0              7915067,74     null           null           
0              unconstrained.dat   -7143744,22    590            nu             nu             0              7143744,22     null           null           
1              1.dat               -7915433,85    590            366,11         366,11         0              7915433,85     151,07034      19635,21077    
2              2.dat               -7915572,89    590            505,16         505,16         0              7915572,89     132,57434      19635,21077    
3              3.dat               -7915531,48    590            463,75         463,75         0              7915531,48     112,70390      19635,21077    
4              4.dat               -7915507,95    590            440,21         440,21         0              7915507,95     29,18817       19635,21077    
5              5.dat               -7915533,85    590            466,11         466,11         0              7915533,85     351,95424      19635,21077    
6              6.dat               -7915484,37    590            416,63         416,63         0              7915484,37     135,87299      19635,21077    
7              7.dat               -7915602,33    590            534,60         534,60         0              7915602,33     444,57171      19635,21077    
8              8.dat               -7915556,26    590            488,52         488,52         0              7915556,26     29,18817       19635,21077    
9              9.dat               -7915753,40    590            685,66         685,66         0              7915753,40     272,78662      19635,21077    
10             10.dat              -7915602,74    590            535,00         535,00         0              7915602,74     180,32623      19635,21077    
11             11.dat              -7915602,74    590            535,00         535,00         0              7915602,74     75,12284       19635,21077    
12             12.dat              -7915690,21    590            622,47         622,47         0              7915690,21     142,60773      19635,21077    
13             13.dat              -7915484,37    590            416,63         416,63         0              7915484,37     135,87299      19635,21077    
14             14.dat              -7915433,85    590            366,11         366,11         0              7915433,85     151,07034      19635,21077    
15             15.dat              -7915744,42    590            676,69         676,69         0              7915744,42     157,76582      19635,21077    
16             16.dat              -7915731,63    590            663,89         663,89         0              7915731,63     157,76582      19635,21077    
17             17.dat              -7915698,55    590            630,82         630,82         0              7915698,55     285,21547      19635,21077    
18             18.dat              -7915600,78    590            533,04         533,04         0              7915600,78     19,29491       19635,21077    
19             19.dat              -7915807,75    590            740,02         740,02         0              7915807,75     230,59138      19635,21077    
20             20.dat              -7915697,91    590            630,17         630,17         0              7915697,91     116,00255      19635,21077    
21             21.dat              -7915502,02    590            434,29         434,29         0              7915502,02     13,00473       19635,21077    
22             22.dat              -7915582,83    590            515,09         515,09         0              7915582,83     121,53957      19635,21077    
23             23.dat              -7915630,64    590            562,90         562,90         0              7915630,64     331,45548      19635,21077    
24             24.dat              -7915645,35    590            577,61         577,61         0              7915645,35     331,45548      19635,21077    
25             25.dat              -7915656,68    590            588,95         588,95         0              7915656,68     35,46574       19635,21077    
26             26.dat              -7915699,59    590            631,86         631,86         0              7915699,59     171,11750      19635,21077    
27             27.dat              -7915710,35    590            642,61         642,61         0              7915710,35     342,25463      19635,21077    
28             28.dat              -7915406,74    590            339,00         339,00         0              7915406,74     230,59138      19635,21077    
29             29.dat              -7915649,96    590            582,22         582,22         0              7915649,96     142,60773      19635,21077    
30             30.dat              -7915588,57    590            520,83         520,83         0              7915588,57     8,03814        19635,21077    
31             31.dat              -7915531,48    590            463,75         463,75         0              7915531,48     12,05932       19635,21077    
32             32.dat              -7915601,24    590            533,50         533,50         0              7915601,24     8,03814        19635,21077    
33             33.dat              -7915559,80    590            492,07         492,07         0              7915559,80     515,10000      19635,21077    
34             34.dat              -7915685,26    590            617,52         617,52         0              7915685,26     142,60773      19635,21077    
35             35.dat              -7915531,48    590            463,75         463,75         0              7915531,48     112,70390      19635,21077    
36             36.dat              -7915567,21    590            499,47         499,47         0              7915567,21     75,12284       19635,21077    
37             37.dat              -7915557,66    590            489,92         489,92         0              7915557,66     29,18817       19635,21077    
38             38.dat              -7915613,94    590            546,21         546,21         0              7915613,94     8,03814        19635,21077    
39             39.dat              -7915622,19    590            554,45         554,45         0              7915622,19     170,70517      19635,21077    
40             40.dat              -7915507,95    590            440,21         440,21         0              7915507,95     195,34687      19635,21077    
41             41.dat              -7915600,61    590            532,87         532,87         0              7915600,61     180,32623      19635,21077    
42             42.dat              -7915589,38    590            521,64         521,64         0              7915589,38     132,57434      19635,21077    
43             43.dat              -7915546,06    590            478,32         478,32         0              7915546,06     75,12284       19635,21077    
44             44.dat              -7915431,31    590            363,58         363,58         0              7915431,31     192,71581      19635,21077    
45             45.dat              -7915620,73    590            552,99         552,99         0              7915620,73     170,70517      19635,21077    
46             46.dat              -7915700,47    590            632,73         590,00         1              7915700,47     171,11750      19635,21077    
47             47.dat              -7915531,39    590            463,65         463,65         0              7915531,39     135,87299      19635,21077    
48             48.dat              -7915680,69    590            612,95         612,95         0              7915680,69     30,51806       19635,21077    
49             49.dat              -7915567,77    590            500,04         500,04         0              7915567,77     75,12284       19635,21077    
50             50.dat              -7915708,39    590            640,66         640,66         0              7915708,39     285,21547      19635,21077    
51             51.dat              -7915488,38    590            420,65         420,65         0              7915488,38     13,00473       19635,21077    
52             52.dat              -7915896,68    590            828,94         828,94         0              7915896,68     75,12284       19635,21077    
53             53.dat              -7915719,52    590            651,78         651,78         0              7915719,52     128,35285      19635,21077    
54             54.dat              -7915431,31    590            363,58         363,58         0              7915431,31     151,07034      19635,21077    
55             55.dat              -7915555,32    590            487,58         487,58         0              7915555,32     380,66035      19635,21077    
56             56.dat              -7915732,74    590            665,00         590,00         1              7915732,74     315,55127      19635,21077    
57             57.dat              -7915593,93    590            526,19         526,19         0              7915593,93     192,71581      19635,21077    
58             58.dat              -7915433,85    590            366,11         366,11         0              7915433,85     167,50469      19635,21077    
59             59.dat              -7915699,54    590            631,80         631,80         0              7915699,54     171,11750      19635,21077    
60             60.dat              -7915890,43    590            822,69         822,69         0              7915890,43     1183,44981     19635,21077    
61             61.dat              -7915575,85    590            508,11         508,11         0              7915575,85     444,57171      19635,21077    
62             62.dat              -7915598,00    590            530,27         530,27         0              7915598,00     126,62913      19635,21077    
63             63.dat              -7915444,75    590            377,01         377,01         0              7915444,75     272,78662      19635,21077    
64             64.dat              -7915596,61    590            528,88         528,88         0              7915596,61     121,53957      19635,21077    
65             65.dat              -7915596,37    590            528,64         528,64         0              7915596,37     121,53957      19635,21077    
66             66.dat              -7915672,51    590            604,77         604,77         0              7915672,51     126,62913      19635,21077    
67             67.dat              -7915471,44    590            403,70         403,70         0              7915471,44     170,70517      19635,21077    
68             68.dat              -7915654,10    590            586,36         586,36         0              7915654,10     132,57434      19635,21077    
69             69.dat              -7915589,59    590            521,85         590,00         1              7915589,59     192,71581      19635,21077    
70             70.dat              -7915551,81    590            484,07         484,07         0              7915551,81     196,74095      19635,21077    
71             71.dat              -7915731,72    590            663,98         663,98         0              7915731,72     351,95424      19635,21077    
72             72.dat              -7915691,43    590            623,70         590,00         1              7915691,43     132,57434      19635,21077    
73             73.dat              -7915835,44    590            767,71         767,71         0              7915835,44     298,31190      19635,21077    
74             74.dat              -7915485,23    590            417,50         417,50         0              7915485,23     135,87299      19635,21077    
75             75.dat              -7915827,78    590            760,04         760,04         0              7915827,78     192,71581      19635,21077    
76             76.dat              -7915546,04    590            478,30         478,30         0              7915546,04     196,74095      19635,21077    
77             77.dat              -7915695,16    590            627,43         627,43         0              7915695,16     142,60773      19635,21077    
78             78.dat              -7915699,59    590            631,85         631,85         0              7915699,59     18,30957       19635,21077    
79             79.dat              -7915698,67    590            630,94         630,94         0              7915698,67     285,21547      19635,21077    
80             80.dat              -7915613,36    590            545,62         545,62         0              7915613,36     298,31190      19635,21077    
81             81.dat              -7915653,32    590            585,59         585,59         0              7915653,32     0,00000        19635,21077    
82             82.dat              -7915719,22    590            651,49         651,49         0              7915719,22     157,76582      19635,21077    
83             83.dat              -7915698,67    590            630,94         590,00         1              7915698,67     285,21547      19635,21077    
84             84.dat              -7915601,90    590            534,16         534,16         0              7915601,90     180,32623      19635,21077    
85             85.dat              -7915593,93    590            526,19         526,19         0              7915593,93     0,00000        19635,21077    
86             86.dat              -7915432,83    590            365,10         365,10         0              7915432,83     0,00000        19635,21077    
87             87.dat              -7915601,97    590            534,24         534,24         0              7915601,97     170,70517      19635,21077    
88             88.dat              -7915699,57    590            631,83         631,83         0              7915699,57     18,30957       19635,21077    
89             89.dat              -7915533,85    590            466,11         466,11         0              7915533,85     196,74095      19635,21077    
90             90.dat              -7915545,64    590            477,90         477,90         0              7915545,64     444,57171      19635,21077    
91             91.dat              -7915498,53    590            430,79         430,79         0              7915498,53     170,70517      19635,21077    
92             92.dat              -7915531,99    590            464,25         464,25         0              7915531,99     135,87299      19635,21077    
93             93.dat              -7915435,21    590            367,47         367,47         0              7915435,21     20,62059       19635,21077    
94             94.dat              -7915635,11    590            567,37         567,37         0              7915635,11     8,03814        19635,21077    
95             95.dat              -7915583,19    590            515,45         590,00         1              7915583,19     40,73066       19635,21077    
96             96.dat              -7915674,63    590            606,89         606,89         0              7915674,63     198,88114      19635,21077    
97             97.dat              -7915653,06    590            585,32         585,32         0              7915653,06     192,71581      19635,21077    
98             98.dat              -7915435,16    590            367,42         367,42         0              7915435,16     0,00000        19635,21077    
99             99.dat              -7915467,96    590            400,23         400,23         0              7915467,96     0,00000        19635,21077    
100            100.dat             -7915757,45    590            689,71         689,71         0              7915757,45     157,76582      19635,21077    
101            101.dat             -7915530,79    590            463,05         463,05         0              7915530,79     195,34687      19635,21077    
102            102.dat             -7915562,06    590            494,33         494,33         0              7915562,06     75,12284       19635,21077    
103            103.dat             -7915663,81    590            596,07         596,07         0              7915663,81     248,59652      19635,21077    
104            104.dat             -7915488,31    590            420,57         420,57         0              7915488,31     112,70390      19635,21077    
105            105.dat             -7915580,38    590            512,64         512,64         0              7915580,38     380,66035      19635,21077    
106            106.dat             -7915544,74    590            477,00         590,00         1              7915544,74     444,57171      19635,21077    
107            107.dat             -7915677,66    590            609,92         609,92         0              7915677,66     248,59652      19635,21077    
108            108.dat             -7915787,63    590            719,89         719,89         0              7915787,63     37,65910       19635,21077    
109            109.dat             -7915531,48    590            463,75         463,75         0              7915531,48     112,70390      19635,21077    
110            110.dat             -7915781,47    590            713,73         713,73         0              7915781,47     126,62913      19635,21077    
111            111.dat             -7915433,85    590            366,11         366,11         0              7915433,85     167,50469      19635,21077    
112            112.dat             -7915433,85    590            366,12         366,12         0              7915433,85     157,76582      19635,21077    
113            113.dat             -7915668,23    590            600,49         600,49         0              7915668,23     12,41227       19635,21077    
114            114.dat             -7915567,10    590            499,37         499,37         0              7915567,10     196,74095      19635,21077    
115            115.dat             -7915657,74    590            590,00         590,00         0              7915657,74     0,00000        19635,21077    
116            116.dat             -7915719,30    590            651,56         651,56         0              7915719,30     128,35285      19635,21077    
117            117.dat             -7915687,10    590            619,36         619,36         0              7915687,10     116,00255      19635,21077    
# Result file end ---