NODES DATA:
1       ABR         133.29086        176.36187      219.432880
2       ADA         116.97165        154.76934      192.567040
3       ANI         99.43976         131.57228      163.704800
4       ATA         25.75301         34.07472       42.3964300
5       BEK         310.53270        410.87685      511.221000
6       BGC         119.88208        158.62024      197.358400
7       BIR         392.25001        518.99992      645.749840
8       BLA         25.75301         34.07472       42.3964300
9       BOG         240.68233        318.45535      396.228360
10      BUJ         159.10362        210.51565      261.927680
11      BYC         66.28162         87.69957       109.117520
12      BYD         125.82421        166.48249      207.140760
13      CHM         119.88208        158.62024      197.358400
14      CHS         133.29086        176.36187      219.432880
15      CPC         139.19834        184.17827      229.158200
16      CRN         139.19834        184.17827      229.158200
17      CZE         251.64842        332.96497      414.281520
18      CZT         17.02409         22.52517       28.0262600
19      DBN         203.45306        269.19597      334.938880
20      DUN         102.35019        135.42318      168.496160
21      EKB         11.47420         15.18193       18.8896500
22      ELK         107.23556        141.88718      176.538800
23      GBL         292.44644        386.94628      481.446120
24      GDA         292.44644        386.94628      481.446120
25      GDP         31.29177         41.40325       51.5147300
26      GLN         150.97866        199.76523      248.551800
27      GOR         301.97464        399.55338      497.132120
28      GRO         203.45306        269.19597      334.938880
29      GRU         125.82421        166.48249      207.140760
30      HAL         7.09213          9.38385        11.6755700
31      HCZ         10.64005         14.07823       17.5164100
32      JAM         7.09213          9.38385        11.6755700
33      JAN         454.47782        601.33575      748.193680
34      JAS         125.82421        166.48249      207.140760
35      JOA         99.43976         131.57228      163.704800
36      KAT         66.28162         87.69957       109.117520
37      KED         25.75301         34.07472       42.3964300
38      KHK         7.09213          9.38385        11.6755700
39      KIE         150.61486        199.28387      247.952880
40      KLA         172.35648        228.05098      283.745480
41      KOM         159.10362        210.51565      261.927680
42      KON         116.97165        154.76934      192.567040
43      KOP         66.28162         87.69957       109.117520
44      KOZ         170.03506        224.97943      279.923800
45      KPK         150.61486        199.28387      247.952880
46      KRA         150.97866        199.76523      248.551800
47      KRI         119.88208        158.62024      197.358400
48      KRM         26.92638         35.62725       44.3281200
49      LAG         66.28162         87.69957       109.117520
50      LES         251.64842        332.96497      414.281520
51      LMS         11.47420         15.18193       18.8896500
52      LOS         66.28162         87.69957       109.117520
53      LSN         113.24699        149.84111      186.435240
54      LSY         133.29086        176.36187      219.432880
55      LUA         335.86039        444.38881      552.917240
56      MIK         278.41400        368.37946      458.344920
57      MIL         170.03506        224.97943      279.923800
58      MKR         147.79104        195.54758      243.304120
59      MON         150.97866        199.76523      248.551800
60      MOR         1044.16945       1381.57771     1718.98596
61      MOS         392.25001        518.99992      645.749840
62      MSK         111.72613        147.82881      183.931500
63      NAR         240.68233        318.45535      396.228360
64      OLM         107.23556        141.88718      176.538800
65      OLS         107.23556        141.88718      176.538800
66      OLT         111.72613        147.82881      183.931500
67      OSC         150.61486        199.28387      247.952880
68      OSR         116.97165        154.76934      192.567040
69      OST         170.03506        224.97943      279.923800
70      PAB         173.58648        229.67844      285.770400
71      PAS         310.53270        410.87685      511.221000
72      PAT         116.97165        154.76934      192.567040
73      PDE         263.20353        348.25395      433.304360
74      PEL         119.88208        158.62024      197.358400
75      PIA         170.03506        224.97943      279.923800
76      PIO         173.58648        229.67844      285.770400
77      PKW         125.82421        166.48249      207.140760
78      PLC         16.15472         21.37488       26.5950400
79      PLE         251.64842        332.96497      414.281520
80      PLO         263.20353        348.25395      433.304360
81      PLP         0.00000          0.00000        0.00000000
82      POL         139.19834        184.17827      229.158200
83      PPD         251.64842        332.96497      414.281520
84      PRB         159.10362        210.51565      261.927680
85      PRG         0.00000          0.00000        0.00000000
86      PUL         0.00000          0.00000        0.00000000
87      RAD         150.61486        199.28387      247.952880
88      REC         16.15472         21.37488       26.5950400
89      ROG         173.58648        229.67844      285.770400
90      ROK         392.25001        518.99992      645.749840
91      ROZ         150.61486        199.28387      247.952880
92      RZE         119.88208        158.62024      197.358400
93      SDU         18.19375         24.07280       29.9518500
94      SIE         7.09213          9.38385        11.6755700
95      SKA         35.93706         47.54960       59.1621400
96      SLK         175.47480        232.17694      288.879080
97      SOC         170.03506        224.97943      279.923800
98      STN         0.00000          0.00000        0.00000000
99      STW         0.00000          0.00000        0.00000000
100     SWI         139.19834        184.17827      229.158200
101     TAW         172.35648        228.05098      283.745480
102     TCN         66.28162         87.69957       109.117520
103     TEL         219.33916        290.21544      361.091720
104     TRE         99.43976         131.57228      163.704800
105     WAN         335.86039        444.38881      552.917240
106     WIE         392.25001        518.99992      645.749840
107     WLA         219.33916        290.21544      361.091720
108     WRC         33.22700         43.96382       54.7006500
109     WRZ         99.43976         131.57228      163.704800
110     WTO         111.72613        147.82881      183.931500
111     ZAM         147.79104        195.54758      243.304120
112     ZBK         139.19834        184.17827      229.158200
113     ZDK         10.95147         14.49028       18.0290900
114     ZGI         173.58648        229.67844      285.770400
115     ZRC         0.00000          0.00000        0.00000000
116     ZUK         113.24699        149.84111      186.435240
117     ZYD         102.35019        135.42318      168.496160
-999