# Result file for 16_summer:
# Time: 2023-01-13T17:13:08.860836400

node_nr        result_name         objective      UP             LMP            LP+            is_competitive total_bal_cost node_load      total_load     
0              balanced.dat        -3363075,08    590            nu             nu             0              3363075,08     null           null           
0              unconstrained.dat   -3229413,07    590            nu             nu             0              3229413,07     null           null           
1              1.dat               -3363459,82    590            384,74         384,74         0              3363459,82     76,92029       9997,63434     
2              2.dat               -3363447,83    590            372,75         372,75         0              3363447,83     67,50270       9997,63434     
3              3.dat               -3363429,60    590            354,53         354,53         0              3363429,60     57,38529       9997,63434     
4              4.dat               -3363469,51    590            394,43         394,43         0              3363469,51     14,86170       9997,63434     
5              5.dat               -3363444,08    590            369,00         369,00         0              3363444,08     179,20408      9997,63434     
6              6.dat               -3363464,99    590            389,91         389,91         0              3363464,99     69,18227       9997,63434     
7              7.dat               -3363488,52    590            413,45         413,45         0              3363488,52     226,36199      9997,63434     
8              8.dat               -3363554,34    590            479,26         479,26         0              3363554,34     14,86170       9997,63434     
9              9.dat               -3363546,90    590            471,82         471,82         0              3363546,90     138,89441      9997,63434     
10             10.dat              -3363487,70    590            412,63         412,63         0              3363487,70     91,81647       9997,63434     
11             11.dat              -3363487,70    590            412,63         412,63         0              3363487,70     38,25020       9997,63434     
12             12.dat              -3363502,83    590            427,76         427,76         0              3363502,83     72,61139       9997,63434     
13             13.dat              -3363464,99    590            389,91         389,91         0              3363464,99     69,18227       9997,63434     
14             14.dat              -3363459,82    590            384,74         384,74         0              3363459,82     76,92029       9997,63434     
15             15.dat              -3363540,89    590            465,82         465,82         0              3363540,89     80,32941       9997,63434     
16             16.dat              -3363532,38    590            457,30         457,30         0              3363532,38     80,32941       9997,63434     
17             17.dat              -3363509,67    590            434,59         434,59         0              3363509,67     145,22278      9997,63434     
18             18.dat              -3363491,69    590            416,61         416,61         0              3363491,69     9,82436        9997,63434     
19             19.dat              -3363567,12    590            492,04         492,04         0              3363567,12     117,40991      9997,63434     
20             20.dat              -3363509,96    590            434,88         434,88         0              3363509,96     59,06486       9997,63434     
21             21.dat              -3363462,19    590            387,12         387,12         0              3363462,19     6,62160        9997,63434     
22             22.dat              -3363465,03    590            389,95         389,95         0              3363465,03     61,88414       9997,63434     
23             23.dat              -3363476,71    590            401,63         401,63         0              3363476,71     168,76675      9997,63434     
24             24.dat              -3363482,32    590            407,24         407,24         0              3363482,32     168,76675      9997,63434     
25             25.dat              -3363485,69    590            410,61         410,61         0              3363485,69     18,05804       9997,63434     
26             26.dat              -3363510,94    590            435,87         435,87         0              3363510,94     87,12767       9997,63434     
27             27.dat              -3363518,05    590            442,97         442,97         0              3363518,05     174,26534      9997,63434     
28             28.dat              -3363601,80    590            526,73         526,73         0              3363601,80     117,40991      9997,63434     
29             29.dat              -3363480,53    590            405,45         405,45         0              3363480,53     72,61139       9997,63434     
30             30.dat              -3363515,98    590            440,91         440,91         0              3363515,98     4,09277        9997,63434     
31             31.dat              -3363429,60    590            354,53         354,53         0              3363429,60     6,14023        9997,63434     
32             32.dat              -3363488,36    590            413,28         413,28         0              3363488,36     4,09277        9997,63434     
33             33.dat              -3363446,36    590            371,29         371,29         0              3363446,36     262,27279      9997,63434     
34             34.dat              -3363498,66    590            423,58         423,58         0              3363498,66     72,61139       9997,63434     
35             35.dat              -3363429,60    590            354,53         354,53         0              3363429,60     57,38529       9997,63434     
36             36.dat              -3363505,59    590            430,51         430,51         0              3363505,59     38,25020       9997,63434     
37             37.dat              -3363603,72    590            528,65         528,65         0              3363603,72     14,86170       9997,63434     
38             38.dat              -3363486,00    590            410,93         410,93         0              3363486,00     4,09277        9997,63434     
39             39.dat              -3363444,88    590            369,81         369,81         0              3363444,88     86,91773       9997,63434     
40             40.dat              -3363469,51    590            394,43         394,43         0              3363469,51     99,46451       9997,63434     
41             41.dat              -3363492,04    590            416,96         416,96         0              3363492,04     91,81647       9997,63434     
42             42.dat              -3363449,57    590            374,49         374,49         0              3363449,57     67,50270       9997,63434     
43             43.dat              -3363600,82    590            525,75         525,75         0              3363600,82     38,25020       9997,63434     
44             44.dat              -3363459,75    590            384,67         590,00         1              3363459,75     98,12485       9997,63434     
45             45.dat              -3363445,10    590            370,02         370,02         0              3363445,10     86,91773       9997,63434     
46             46.dat              -3363511,45    590            436,38         590,00         1              3363511,45     87,12767       9997,63434     
47             47.dat              -3363474,44    590            399,37         399,37         0              3363474,44     69,18227       9997,63434     
48             48.dat              -3363499,03    590            423,96         423,96         0              3363499,03     15,53884       9997,63434     
49             49.dat              -3363503,03    590            427,96         427,96         0              3363503,03     38,25020       9997,63434     
50             50.dat              -3363516,52    590            441,45         441,45         0              3363516,52     145,22278      9997,63434     
51             51.dat              -3363461,72    590            386,64         386,64         0              3363461,72     6,62160        9997,63434     
52             52.dat              -3363443,07    590            368,00         368,00         0              3363443,07     38,25020       9997,63434     
53             53.dat              -3363524,17    590            449,09         449,09         0              3363524,17     65,35325       9997,63434     
54             54.dat              -3363459,75    590            384,67         384,67         0              3363459,75     76,92029       9997,63434     
55             55.dat              -3363477,87    590            402,80         402,80         0              3363477,87     193,82033      9997,63434     
56             56.dat              -3363533,08    590            458,00         590,00         1              3363533,08     160,66883      9997,63434     
57             57.dat              -3363459,15    590            384,08         384,08         0              3363459,15     98,12485       9997,63434     
58             58.dat              -3363459,82    590            384,74         384,74         0              3363459,82     85,28814       9997,63434     
59             59.dat              -3363510,91    590            435,83         435,83         0              3363510,91     87,12767       9997,63434     
60             60.dat              -3363459,72    590            384,64         384,64         0              3363459,72     602,57558      9997,63434     
61             61.dat              -3363542,39    590            467,31         467,31         0              3363542,39     226,36199      9997,63434     
62             62.dat              -3363458,97    590            383,89         383,89         0              3363458,97     64,47559       9997,63434     
63             63.dat              -3363460,19    590            385,11         385,11         0              3363460,19     138,89441      9997,63434     
64             64.dat              -3363467,27    590            392,20         392,20         0              3363467,27     61,88414       9997,63434     
65             65.dat              -3363467,23    590            392,15         392,15         0              3363467,23     61,88414       9997,63434     
66             66.dat              -3363455,54    590            380,46         380,46         0              3363455,54     64,47559       9997,63434     
67             67.dat              -3363463,71    590            388,64         388,64         0              3363463,71     86,91773       9997,63434     
68             68.dat              -3363497,10    590            422,03         422,03         0              3363497,10     67,50270       9997,63434     
69             69.dat              -3363465,26    590            390,19         390,19         0              3363465,26     98,12485       9997,63434     
70             70.dat              -3363445,70    590            370,62         370,62         0              3363445,70     100,17433      9997,63434     
71             71.dat              -3363532,48    590            457,40         457,40         0              3363532,48     179,20408      9997,63434     
72             72.dat              -3363496,10    590            421,03         590,00         1              3363496,10     67,50270       9997,63434     
73             73.dat              -3363469,77    590            394,70         394,70         0              3363469,77     151,89108      9997,63434     
74             74.dat              -3363465,08    590            390,00         390,00         0              3363465,08     69,18227       9997,63434     
75             75.dat              -3363459,72    590            384,65         384,65         0              3363459,72     98,12485       9997,63434     
76             76.dat              -3363445,15    590            370,07         370,07         0              3363445,15     100,17433      9997,63434     
77             77.dat              -3363507,01    590            431,93         431,93         0              3363507,01     72,61139       9997,63434     
78             78.dat              -3363510,94    590            435,86         435,86         0              3363510,94     9,32266        9997,63434     
79             79.dat              -3363509,90    590            434,82         434,82         0              3363509,90     145,22278      9997,63434     
80             80.dat              -3363452,41    590            377,33         377,33         0              3363452,41     151,89108      9997,63434     
81             81.dat              -3363483,11    590            408,03         408,03         0              3363483,11     0,00000        9997,63434     
82             82.dat              -3363523,90    590            448,83         448,83         0              3363523,90     80,32941       9997,63434     
83             83.dat              -3363509,90    590            434,82         590,00         1              3363509,90     145,22278      9997,63434     
84             84.dat              -3363489,40    590            414,33         414,33         0              3363489,40     91,81647       9997,63434     
85             85.dat              -3363459,15    590            384,08         384,08         0              3363459,15     0,00000        9997,63434     
86             86.dat              -3363459,71    590            384,64         384,64         0              3363459,71     0,00000        9997,63434     
87             87.dat              -3363447,86    590            372,79         372,79         0              3363447,86     86,91773       9997,63434     
88             88.dat              -3363510,93    590            435,85         435,85         0              3363510,93     9,32266        9997,63434     
89             89.dat              -3363444,08    590            369,00         369,00         0              3363444,08     100,17433      9997,63434     
90             90.dat              -3363601,64    590            526,56         526,56         0              3363601,64     226,36199      9997,63434     
91             91.dat              -3363454,51    590            379,44         379,44         0              3363454,51     86,91773       9997,63434     
92             92.dat              -3363474,57    590            399,50         399,50         0              3363474,57     69,18227       9997,63434     
93             93.dat              -3363459,85    590            384,78         384,78         0              3363459,85     10,49936       9997,63434     
94             94.dat              -3363482,56    590            407,49         590,00         1              3363482,56     4,09277        9997,63434     
95             95.dat              -3363485,06    590            409,98         409,98         0              3363485,06     20,73878       9997,63434     
96             96.dat              -3363496,51    590            421,43         421,43         0              3363496,51     101,26405      9997,63434     
97             97.dat              -3363454,14    590            379,07         379,07         0              3363454,14     98,12485       9997,63434     
98             98.dat              -3363459,77    590            384,69         384,69         0              3363459,77     0,00000        9997,63434     
99             99.dat              -3363463,31    590            388,23         388,23         0              3363463,31     0,00000        9997,63434     
100            100.dat             -3363549,61    590            474,53         474,53         0              3363549,61     80,32941       9997,63434     
101            101.dat             -3363474,31    590            399,24         399,24         0              3363474,31     99,46451       9997,63434     
102            102.dat             -3363487,40    590            412,33         412,33         0              3363487,40     38,25020       9997,63434     
103            103.dat             -3363486,13    590            411,06         411,06         0              3363486,13     126,57756      9997,63434     
104            104.dat             -3363440,13    590            365,06         365,06         0              3363440,13     57,38529       9997,63434     
105            105.dat             -3363484,33    590            409,26         409,26         0              3363484,33     193,82033      9997,63434     
106            106.dat             -3363605,65    590            530,57         590,00         1              3363605,65     226,36199      9997,63434     
107            107.dat             -3363491,74    590            416,67         416,67         0              3363491,74     126,57756      9997,63434     
108            108.dat             -3363560,11    590            485,04         485,04         0              3363560,11     19,17484       9997,63434     
109            109.dat             -3363429,60    590            354,53         354,53         0              3363429,60     57,38529       9997,63434     
110            110.dat             -3363457,63    590            382,55         382,55         0              3363457,63     64,47559       9997,63434     
111            111.dat             -3363459,82    590            384,74         384,74         0              3363459,82     85,28814       9997,63434     
112            112.dat             -3363597,77    590            522,69         522,69         0              3363597,77     80,32941       9997,63434     
113            113.dat             -3363492,70    590            417,62         417,62         0              3363492,70     6,31994        9997,63434     
114            114.dat             -3363447,18    590            372,11         372,11         0              3363447,18     100,17433      9997,63434     
115            115.dat             -3363486,87    590            411,79         411,79         0              3363486,87     0,00000        9997,63434     
116            116.dat             -3363523,97    590            448,89         448,89         0              3363523,97     65,35325       9997,63434     
117            117.dat             -3363503,22    590            428,15         428,15         0              3363503,22     59,06486       9997,63434     
# Result file end ---