# Result file for 10_summer:
# Time: 2023-01-14T22:46:14.275982500

node_nr        result_name         objective      UP             LMP            LP+            is_competitive total_bal_cost node_load      total_load     
0              balanced.dat        -4113591,21    590            nu             nu             0              4113591,21     null           null           
0              unconstrained.dat   -3931311,49    590            nu             nu             0              3931311,49     null           null           
1              1.dat               -4113983,55    590            392,34         392,34         0              4113983,55     91,30528       11867,30817    
2              2.dat               -4113966,17    590            374,96         374,96         0              4113966,17     80,12649       11867,30817    
3              3.dat               -4113982,09    590            390,88         390,88         0              4113982,09     68,11701       11867,30817    
4              4.dat               -4113981,36    590            390,14         390,14         0              4113981,36     17,64101       11867,30817    
5              5.dat               -4113960,21    590            369,00         369,00         0              4113960,21     212,71732      11867,30817    
6              6.dat               -4113982,22    590            391,01         391,01         0              4113982,22     82,12016       11867,30817    
7              7.dat               -4113979,44    590            388,23         388,23         0              4113979,44     268,69431      11867,30817    
8              8.dat               -4113984,32    590            393,11         393,11         0              4113984,32     17,64101       11867,30817    
9              9.dat               -4114158,12    590            566,91         566,91         0              4114158,12     164,86927      11867,30817    
10             10.dat              -4113979,36    590            388,15         388,15         0              4113979,36     108,98722      11867,30817    
11             11.dat              -4113979,36    590            388,15         388,15         0              4113979,36     45,40343       11867,30817    
12             12.dat              -4114032,37    590            441,16         441,16         0              4114032,37     86,19057       11867,30817    
13             13.dat              -4113982,22    590            391,01         391,01         0              4113982,22     82,12016       11867,30817    
14             14.dat              -4113983,55    590            392,34         392,34         0              4113983,55     91,30528       11867,30817    
15             15.dat              -4114149,16    590            557,95         557,95         0              4114149,16     95,35195       11867,30817    
16             16.dat              -4114132,77    590            541,56         541,56         0              4114132,77     95,35195       11867,30817    
17             17.dat              -4114024,35    590            433,14         433,14         0              4114024,35     172,38113      11867,30817    
18             18.dat              -4113979,75    590            388,54         388,54         0              4113979,75     11,66163       11867,30817    
19             19.dat              -4114205,72    590            614,51         614,51         0              4114205,72     139,36693      11867,30817    
20             20.dat              -4114332,65    590            741,44         741,44         0              4114332,65     70,11068       11867,30817    
21             21.dat              -4113991,76    590            400,55         400,55         0              4113991,76     7,85992        11867,30817    
22             22.dat              -4114001,20    590            409,99         409,99         0              4114001,20     73,45719       11867,30817    
23             23.dat              -4114052,97    590            461,76         461,76         0              4114052,97     200,32809      11867,30817    
24             24.dat              -4114092,79    590            501,58         501,58         0              4114092,79     200,32809      11867,30817    
25             25.dat              -4114110,22    590            519,01         519,01         0              4114110,22     21,43511       11867,30817    
26             26.dat              -4114342,63    590            751,41         751,41         0              4114342,63     103,42156      11867,30817    
27             27.dat              -4114264,39    590            673,18         673,18         0              4114264,39     206,85498      11867,30817    
28             28.dat              -4113930,21    590            339,00         339,00         0              4113930,21     139,36693      11867,30817    
29             29.dat              -4114057,60    590            466,39         466,39         0              4114057,60     86,19057       11867,30817    
30             30.dat              -4113982,07    590            390,86         390,86         0              4113982,07     4,85817        11867,30817    
31             31.dat              -4113982,09    590            390,88         390,88         0              4113982,09     7,28852        11867,30817    
32             32.dat              -4113979,30    590            388,09         388,09         0              4113979,30     4,85817        11867,30817    
33             33.dat              -4113963,90    590            372,69         372,69         0              4113963,90     311,32085      11867,30817    
34             34.dat              -4114034,93    590            443,72         443,72         0              4114034,93     86,19057       11867,30817    
35             35.dat              -4113982,09    590            390,88         390,88         0              4113982,09     68,11701       11867,30817    
36             36.dat              -4113978,18    590            386,97         386,97         0              4113978,18     45,40343       11867,30817    
37             37.dat              -4113999,32    590            408,11         408,11         0              4113999,32     17,64101       11867,30817    
38             38.dat              -4113979,41    590            388,20         388,20         0              4113979,41     4,85817        11867,30817    
39             39.dat              -4113981,96    590            390,75         390,75         0              4113981,96     103,17235      11867,30817    
40             40.dat              -4113981,36    590            390,14         390,14         0              4113981,36     118,06553      11867,30817    
41             41.dat              -4113979,78    590            388,57         388,57         0              4113979,78     108,98722      11867,30817    
42             42.dat              -4113968,88    590            377,67         377,67         0              4113968,88     80,12649       11867,30817    
43             43.dat              -4113990,19    590            398,98         398,98         0              4113990,19     45,40343       11867,30817    
44             44.dat              -4113983,59    590            392,38         590,00         1              4113983,59     116,47534      11867,30817    
45             45.dat              -4113981,96    590            390,75         390,75         0              4113981,96     103,17235      11867,30817    
46             46.dat              -4114347,81    590            756,60         590,00         1              4114347,81     103,42156      11867,30817    
47             47.dat              -4113980,59    590            389,38         389,38         0              4113980,59     82,12016       11867,30817    
48             48.dat              -4114036,53    590            445,32         445,32         0              4114036,53     18,44478       11867,30817    
49             49.dat              -4113977,86    590            386,65         386,65         0              4113977,86     45,40343       11867,30817    
50             50.dat              -4114065,90    590            474,69         474,69         0              4114065,90     172,38113      11867,30817    
51             51.dat              -4113990,16    590            398,95         398,95         0              4113990,16     7,85992        11867,30817    
52             52.dat              -4113980,53    590            389,32         389,32         0              4113980,53     45,40343       11867,30817    
53             53.dat              -4114181,21    590            590,00         590,00         0              4114181,21     77,57507       11867,30817    
54             54.dat              -4113983,59    590            392,38         392,38         0              4113983,59     91,30528       11867,30817    
55             55.dat              -4113979,34    590            388,13         388,13         0              4113979,34     230,06698      11867,30817    
56             56.dat              -4114137,50    590            546,29         590,00         1              4114137,50     190,71576      11867,30817    
57             57.dat              -4113983,88    590            392,67         392,67         0              4113983,88     116,47534      11867,30817    
58             58.dat              -4113983,55    590            392,34         392,34         0              4113983,55     101,23802      11867,30817    
59             59.dat              -4114342,30    590            751,09         751,09         0              4114342,30     103,42156      11867,30817    
60             60.dat              -4113984,24    590            393,03         393,03         0              4113984,24     715,26421      11867,30817    
61             61.dat              -4113984,66    590            393,44         393,44         0              4113984,66     268,69431      11867,30817    
62             62.dat              -4113983,63    590            392,42         392,42         0              4113983,63     76,53327       11867,30817    
63             63.dat              -4113985,06    590            393,85         393,85         0              4113985,06     164,86927      11867,30817    
64             64.dat              -4114008,52    590            417,30         417,30         0              4114008,52     73,45719       11867,30817    
65             65.dat              -4114007,45    590            416,23         416,23         0              4114007,45     73,45719       11867,30817    
66             66.dat              -4113978,94    590            387,72         387,72         0              4113978,94     76,53327       11867,30817    
67             67.dat              -4113982,56    590            391,35         391,35         0              4113982,56     103,17235      11867,30817    
68             68.dat              -4114049,28    590            458,07         458,07         0              4114049,28     80,12649       11867,30817    
69             69.dat              -4114001,99    590            410,78         410,78         0              4114001,99     116,47534      11867,30817    
70             70.dat              -4113962,81    590            371,60         371,60         0              4113962,81     118,90809      11867,30817    
71             71.dat              -4114131,14    590            539,93         539,93         0              4114131,14     212,71732      11867,30817    
72             72.dat              -4114032,34    590            441,13         590,00         1              4114032,34     80,12649       11867,30817    
73             73.dat              -4113997,54    590            406,32         406,32         0              4113997,54     180,29647      11867,30817    
74             74.dat              -4113982,20    590            390,99         390,99         0              4113982,20     82,12016       11867,30817    
75             75.dat              -4113984,16    590            392,95         392,95         0              4113984,16     116,47534      11867,30817    
76             76.dat              -4113961,94    590            370,73         370,73         0              4113961,94     118,90809      11867,30817    
77             77.dat              -4114029,81    590            438,60         438,60         0              4114029,81     86,19057       11867,30817    
78             78.dat              -4114342,58    590            751,37         751,37         0              4114342,58     11,06611       11867,30817    
79             79.dat              -4114024,21    590            433,00         433,00         0              4114024,21     172,38113      11867,30817    
80             80.dat              -4113976,30    590            385,09         385,09         0              4113976,30     180,29647      11867,30817    
81             81.dat              -4114083,91    590            492,70         492,70         0              4114083,91     0,00000        11867,30817    
82             82.dat              -4114112,37    590            521,16         521,16         0              4114112,37     95,35195       11867,30817    
83             83.dat              -4114024,21    590            433,00         590,00         1              4114024,21     172,38113      11867,30817    
84             84.dat              -4113979,53    590            388,32         388,32         0              4113979,53     108,98722      11867,30817    
85             85.dat              -4113983,88    590            392,67         392,67         0              4113983,88     0,00000        11867,30817    
86             86.dat              -4113983,57    590            392,36         392,36         0              4113983,57     0,00000        11867,30817    
87             87.dat              -4113982,00    590            390,79         390,79         0              4113982,00     103,17235      11867,30817    
88             88.dat              -4114342,46    590            751,25         751,25         0              4114342,46     11,06611       11867,30817    
89             89.dat              -4113960,21    590            369,00         369,00         0              4113960,21     118,90809      11867,30817    
90             90.dat              -4113990,27    590            399,06         399,06         0              4113990,27     268,69431      11867,30817    
91             91.dat              -4113983,02    590            391,81         391,81         0              4113983,02     103,17235      11867,30817    
92             92.dat              -4113980,57    590            389,36         389,36         0              4113980,57     82,12016       11867,30817    
93             93.dat              -4113983,95    590            392,74         392,74         0              4113983,95     12,46286       11867,30817    
94             94.dat              -4113973,21    590            382,00         590,00         1              4113973,21     4,85817        11867,30817    
95             95.dat              -4113978,81    590            387,60         387,60         0              4113978,81     24,61717       11867,30817    
96             96.dat              -4114211,03    590            619,82         619,82         0              4114211,03     120,20160      11867,30817    
97             97.dat              -4113976,58    590            385,37         385,37         0              4113976,58     116,47534      11867,30817    
98             98.dat              -4113983,70    590            392,49         392,49         0              4113983,70     0,00000        11867,30817    
99             99.dat              -4113982,65    590            391,44         391,44         0              4113982,65     0,00000        11867,30817    
100            100.dat             -4114162,16    590            570,95         570,95         0              4114162,16     95,35195       11867,30817    
101            101.dat             -4113980,61    590            389,40         389,40         0              4113980,61     118,06553      11867,30817    
102            102.dat             -4113973,99    590            382,78         382,78         0              4113973,99     45,40343       11867,30817    
103            103.dat             -4114044,24    590            453,03         453,03         0              4114044,24     150,24904      11867,30817    
104            104.dat             -4113918,26    590            327,05         327,05         0              4113918,26     68,11701       11867,30817    
105            105.dat             -4113978,86    590            387,65         387,65         0              4113978,86     230,06698      11867,30817    
106            106.dat             -4113990,78    590            399,56         590,00         1              4113990,78     268,69431      11867,30817    
107            107.dat             -4114030,88    590            439,67         439,67         0              4114030,88     150,24904      11867,30817    
108            108.dat             -4114188,29    590            597,08         597,08         0              4114188,29     22,76075       11867,30817    
109            109.dat             -4113982,09    590            390,88         390,88         0              4113982,09     68,11701       11867,30817    
110            110.dat             -4113981,59    590            390,38         390,38         0              4113981,59     76,53327       11867,30817    
111            111.dat             -4113983,55    590            392,34         392,34         0              4113983,55     101,23802      11867,30817    
112            112.dat             -4113948,14    590            356,93         356,93         0              4113948,14     95,35195       11867,30817    
113            113.dat             -4114166,97    590            575,76         575,76         0              4114166,97     7,50184        11867,30817    
114            114.dat             -4113965,17    590            373,96         373,96         0              4113965,17     118,90809      11867,30817    
115            115.dat             -4114124,89    590            533,68         533,68         0              4114124,89     0,00000        11867,30817    
116            116.dat             -4114128,89    590            537,68         537,68         0              4114128,89     77,57507       11867,30817    
117            117.dat             -4114185,49    590            594,28         594,28         0              4114185,49     70,11068       11867,30817    
# Result file end ---