# Result file for 11_summer:
# Time: 2023-01-14T22:46:14.206411600

node_nr        result_name         objective      UP             LMP            LP+            is_competitive total_bal_cost node_load      total_load     
0              balanced.dat        -3634997,76    590            nu             nu             0              3634997,76     null           null           
0              unconstrained.dat   -3474462,22    590            nu             nu             0              3474462,22     null           null           
1              1.dat               -3635381,47    590            383,71         383,71         0              3635381,47     81,99554       10657,28439    
2              2.dat               -3635370,87    590            373,11         373,11         0              3635370,87     71,95657       10657,28439    
3              3.dat               -3635379,05    590            381,30         381,30         0              3635379,05     61,17161       10657,28439    
4              4.dat               -3635379,36    590            381,60         381,60         0              3635379,36     15,84229       10657,28439    
5              5.dat               -3635366,76    590            369,00         369,00         0              3635366,76     191,02807      10657,28439    
6              6.dat               -3635380,16    590            382,40         382,40         0              3635380,16     73,74696       10657,28439    
7              7.dat               -3635376,74    590            378,98         378,98         0              3635376,74     241,29749      10657,28439    
8              8.dat               -3635379,12    590            381,36         381,36         0              3635379,12     15,84229       10657,28439    
9              9.dat               -3635458,21    590            460,45         460,45         0              3635458,21     148,05874      10657,28439    
10             10.dat              -3635376,70    590            378,94         378,94         0              3635376,70     97,87458       10657,28439    
11             11.dat              -3635376,70    590            378,94         378,94         0              3635376,70     40,77397       10657,28439    
12             12.dat              -3635441,78    590            444,02         444,02         0              3635441,78     77,40234       10657,28439    
13             13.dat              -3635380,16    590            382,40         382,40         0              3635380,16     73,74696       10657,28439    
14             14.dat              -3635381,47    590            383,71         383,71         0              3635381,47     81,99554       10657,28439    
15             15.dat              -3635457,14    590            459,39         459,39         0              3635457,14     85,62960       10657,28439    
16             16.dat              -3635456,67    590            458,91         458,91         0              3635456,67     85,62960       10657,28439    
17             17.dat              -3635445,10    590            447,34         447,34         0              3635445,10     154,80467      10657,28439    
18             18.dat              -3635376,89    590            379,13         379,13         0              3635376,89     10,47258       10657,28439    
19             19.dat              -3635466,31    590            468,55         468,55         0              3635466,31     125,15669      10657,28439    
20             20.dat              -3635443,26    590            445,50         445,50         0              3635443,26     62,96200       10657,28439    
21             21.dat              -3635385,46    590            387,70         387,70         0              3635385,46     7,05850        10657,28439    
22             22.dat              -3635390,01    590            392,25         392,25         0              3635390,01     65,96729       10657,28439    
23             23.dat              -3635406,28    590            408,52         408,52         0              3635406,28     179,90208      10657,28439    
24             24.dat              -3635413,12    590            415,36         415,36         0              3635413,12     179,90208      10657,28439    
25             25.dat              -3635417,65    590            419,89         419,89         0              3635417,65     19,24952       10657,28439    
26             26.dat              -3635444,27    590            446,51         446,51         0              3635444,27     92,87641       10657,28439    
27             27.dat              -3635448,26    590            450,50         450,50         0              3635448,26     185,76347      10657,28439    
28             28.dat              -3635387,56    590            389,80         389,80         0              3635387,56     125,15669      10657,28439    
29             29.dat              -3635412,45    590            414,69         414,69         0              3635412,45     77,40234       10657,28439    
30             30.dat              -3635378,03    590            380,27         380,27         0              3635378,03     4,36281        10657,28439    
31             31.dat              -3635379,05    590            381,30         381,30         0              3635379,05     6,54536        10657,28439    
32             32.dat              -3635376,66    590            378,91         378,91         0              3635376,66     4,36281        10657,28439    
33             33.dat              -3635369,19    590            371,43         371,43         0              3635369,19     279,57771      10657,28439    
34             34.dat              -3635439,80    590            442,04         442,04         0              3635439,80     77,40234       10657,28439    
35             35.dat              -3635379,05    590            381,30         381,30         0              3635379,05     61,17161       10657,28439    
36             36.dat              -3635376,08    590            378,32         378,32         0              3635376,08     40,77397       10657,28439    
37             37.dat              -3635384,94    590            387,18         387,18         0              3635384,94     15,84229       10657,28439    
38             38.dat              -3635376,78    590            379,02         379,02         0              3635376,78     4,36281        10657,28439    
39             39.dat              -3635379,68    590            381,93         381,93         0              3635379,68     92,65261       10657,28439    
40             40.dat              -3635379,36    590            381,60         381,60         0              3635379,36     106,02724      10657,28439    
41             41.dat              -3635376,90    590            379,15         379,15         0              3635376,90     97,87458       10657,28439    
42             42.dat              -3635372,83    590            375,07         375,07         0              3635372,83     71,95657       10657,28439    
43             43.dat              -3635382,03    590            384,27         384,27         0              3635382,03     40,77397       10657,28439    
44             44.dat              -3635381,52    590            383,76         590,00         1              3635381,52     104,59919      10657,28439    
45             45.dat              -3635379,69    590            381,93         381,93         0              3635379,69     92,65261       10657,28439    
46             46.dat              -3635444,80    590            447,04         590,00         1              3635444,80     92,87641       10657,28439    
47             47.dat              -3635378,50    590            380,74         380,74         0              3635378,50     73,74696       10657,28439    
48             48.dat              -3635442,56    590            444,80         444,80         0              3635442,56     16,56410       10657,28439    
49             49.dat              -3635375,92    590            378,16         378,16         0              3635375,92     40,77397       10657,28439    
50             50.dat              -3635448,25    590            450,49         450,49         0              3635448,25     154,80467      10657,28439    
51             51.dat              -3635384,69    590            386,93         386,93         0              3635384,69     7,05850        10657,28439    
52             52.dat              -3635378,80    590            381,04         381,04         0              3635378,80     40,77397       10657,28439    
53             53.dat              -3635451,47    590            453,71         453,71         0              3635451,47     69,66530       10657,28439    
54             54.dat              -3635381,52    590            383,76         383,76         0              3635381,52     81,99554       10657,28439    
55             55.dat              -3635377,89    590            380,13         380,13         0              3635377,89     206,60871      10657,28439    
56             56.dat              -3635455,76    590            458,00         590,00         1              3635455,76     171,26985      10657,28439    
57             57.dat              -3635381,76    590            384,00         384,00         0              3635381,76     104,59919      10657,28439    
58             58.dat              -3635381,47    590            383,71         383,71         0              3635381,47     90,91551       10657,28439    
59             59.dat              -3635444,24    590            446,48         446,48         0              3635444,24     92,87641       10657,28439    
60             60.dat              -3635383,00    590            385,24         385,24         0              3635383,00     642,33388      10657,28439    
61             61.dat              -3635379,30    590            381,54         381,54         0              3635379,30     241,29749      10657,28439    
62             62.dat              -3635381,60    590            383,84         383,84         0              3635381,60     68,72973       10657,28439    
63             63.dat              -3635382,23    590            384,47         384,47         0              3635382,23     148,05874      10657,28439    
64             64.dat              -3635393,27    590            395,51         395,51         0              3635393,27     65,96729       10657,28439    
65             65.dat              -3635393,23    590            395,47         395,47         0              3635393,23     65,96729       10657,28439    
66             66.dat              -3635378,63    590            380,87         380,87         0              3635378,63     68,72973       10657,28439    
67             67.dat              -3635380,49    590            382,73         382,73         0              3635380,49     92,65261       10657,28439    
68             68.dat              -3635450,92    590            453,16         453,16         0              3635450,92     71,95657       10657,28439    
69             69.dat              -3635390,39    590            392,63         392,63         0              3635390,39     104,59919      10657,28439    
70             70.dat              -3635368,49    590            370,74         370,74         0              3635368,49     106,78389      10657,28439    
71             71.dat              -3635457,54    590            459,78         459,78         0              3635457,54     191,02807      10657,28439    
72             72.dat              -3635436,99    590            439,23         590,00         1              3635436,99     71,95657       10657,28439    
73             73.dat              -3635397,92    590            400,16         400,16         0              3635397,92     161,91294      10657,28439    
74             74.dat              -3635380,13    590            382,38         382,38         0              3635380,13     73,74696       10657,28439    
75             75.dat              -3635382,80    590            385,04         385,04         0              3635382,80     104,59919      10657,28439    
76             76.dat              -3635367,90    590            370,14         370,14         0              3635367,90     106,78389      10657,28439    
77             77.dat              -3635443,76    590            446,00         446,00         0              3635443,76     77,40234       10657,28439    
78             78.dat              -3635444,27    590            446,51         446,51         0              3635444,27     9,93778        10657,28439    
79             79.dat              -3635445,24    590            447,48         447,48         0              3635445,24     154,80467      10657,28439    
80             80.dat              -3635375,91    590            378,15         378,15         0              3635375,91     161,91294      10657,28439    
81             81.dat              -3635415,05    590            417,29         417,29         0              3635415,05     0,00000        10657,28439    
82             82.dat              -3635451,61    590            453,85         453,85         0              3635451,61     85,62960       10657,28439    
83             83.dat              -3635445,24    590            447,48         590,00         1              3635445,24     154,80467      10657,28439    
84             84.dat              -3635376,78    590            379,02         379,02         0              3635376,78     97,87458       10657,28439    
85             85.dat              -3635381,76    590            384,00         384,00         0              3635381,76     0,00000        10657,28439    
86             86.dat              -3635381,50    590            383,74         383,74         0              3635381,50     0,00000        10657,28439    
87             87.dat              -3635379,75    590            381,99         381,99         0              3635379,75     92,65261       10657,28439    
88             88.dat              -3635444,25    590            446,49         446,49         0              3635444,25     9,93778        10657,28439    
89             89.dat              -3635366,76    590            369,00         369,00         0              3635366,76     106,78389      10657,28439    
90             90.dat              -3635382,06    590            384,31         384,31         0              3635382,06     241,29749      10657,28439    
91             91.dat              -3635380,87    590            383,11         383,11         0              3635380,87     92,65261       10657,28439    
92             92.dat              -3635378,48    590            380,72         380,72         0              3635378,48     73,74696       10657,28439    
93             93.dat              -3635381,69    590            383,93         383,93         0              3635381,69     11,19211       10657,28439    
94             94.dat              -3635376,95    590            379,19         590,00         1              3635376,95     4,36281        10657,28439    
95             95.dat              -3635376,66    590            378,90         378,90         0              3635376,66     22,10713       10657,28439    
96             96.dat              -3635429,05    590            431,29         431,29         0              3635429,05     107,94551      10657,28439    
97             97.dat              -3635377,28    590            379,52         379,52         0              3635377,28     104,59919      10657,28439    
98             98.dat              -3635381,57    590            383,81         383,81         0              3635381,57     0,00000        10657,28439    
99             99.dat              -3635380,58    590            382,82         382,82         0              3635380,58     0,00000        10657,28439    
100            100.dat             -3635458,69    590            460,93         460,93         0              3635458,69     85,62960       10657,28439    
101            101.dat             -3635378,53    590            380,77         380,77         0              3635378,53     106,02724      10657,28439    
102            102.dat             -3635373,94    590            376,18         376,18         0              3635373,94     40,77397       10657,28439    
103            103.dat             -3635421,39    590            423,63         423,63         0              3635421,39     134,92923      10657,28439    
104            104.dat             -3635531,98    590            534,22         534,22         0              3635531,98     61,17161       10657,28439    
105            105.dat             -3635376,78    590            379,02         379,02         0              3635376,78     206,60871      10657,28439    
106            106.dat             -3635382,31    590            384,56         590,00         1              3635382,31     241,29749      10657,28439    
107            107.dat             -3635430,32    590            432,56         432,56         0              3635430,32     134,92923      10657,28439    
108            108.dat             -3635463,26    590            465,50         465,50         0              3635463,26     20,44000       10657,28439    
109            109.dat             -3635379,05    590            381,30         381,30         0              3635379,05     61,17161       10657,28439    
110            110.dat             -3635380,82    590            383,06         383,06         0              3635380,82     68,72973       10657,28439    
111            111.dat             -3635381,47    590            383,71         383,71         0              3635381,47     90,91551       10657,28439    
112            112.dat             -3635393,06    590            395,30         395,30         0              3635393,06     85,62960       10657,28439    
113            113.dat             -3635425,17    590            427,41         427,41         0              3635425,17     6,73693        10657,28439    
114            114.dat             -3635370,13    590            372,37         372,37         0              3635370,13     106,78389      10657,28439    
115            115.dat             -3635418,74    590            420,98         420,98         0              3635418,74     0,00000        10657,28439    
116            116.dat             -3635451,58    590            453,82         453,82         0              3635451,58     69,66530       10657,28439    
117            117.dat             -3635437,39    590            439,64         439,64         0              3635437,39     62,96200       10657,28439    
# Result file end ---