0.007694000
0.006752000
0.005740000
0.001486551
0.017925000
0.006920000
0.022642000
0.001486551
0.013893000
0.009184000
0.003826000
0.007263000
0.006920000
0.007694000
0.008035000
0.008035000
0.014526000
0.000982688
0.011744000
0.005908000
0.000662330
0.006190000
0.016881000
0.016881000
0.001806267
0.008715000
0.017431000
0.011744000
0.007263000
0.000409382
0.000614180
0.000409382
0.026234000
0.007263000
0.005740000
0.003826000
0.001486551
0.000409382
0.008694000
0.009949000
0.009184000
0.006752000
0.003826000
0.009815000
0.008694000
0.008715000
0.006920000
0.001554282
0.003826000
0.014526000
0.000662330
0.003826000
0.006537000
0.007694000
0.019387000
0.016071000
0.009815000
0.008531000
0.008715000
0.060273000
0.022642000
0.006449211
0.013893000
0.006190000
0.006190000
0.006449211
0.008694000
0.006752000
0.009815000
0.010020000
0.017925000
0.006752000
0.015193000
0.006920000
0.009815000
0.010020000
0.007263000
0.000932505
0.014526000
0.015193000
0.000000000
0.008035000
0.014526000
0.009184000
0.000000000
0.000000000
0.008694000
0.000932505
0.010020000
0.022642000
0.008694000
0.006920000
0.001050205
0.000409382
0.002074409
0.010129000
0.009815000
0.000000000
0.000000000
0.008035000
0.009949000
0.003826000
0.012661000
0.005740000
0.019387000
0.022642000
0.012661000
0.001917975
0.005740000
0.006449211
0.008531000
0.008035000
0.000632156
0.010020000
0.000000000
0.006537000
0.005908000

